version: 1
creator: callgrind-3.10.1
pid: 5119
cmd:  ./MD_SEQ
part: 1


desc: I1 cache: 
desc: D1 cache: 
desc: LL cache: 

desc: Timerange: Basic block 0 - 16731294204
desc: Trigger: Program termination

positions: line
events: Ir
summary: 87092136554


ob=(4) /lib/i386-linux-gnu/libm-2.19.so
fl=(50) /build/buildd/eglibc-2.19/csu/../sysdeps/i386/crti.S
fn=(196) __x86.get_pc_thunk.bx
66 26386

fl=(55) /build/buildd/eglibc-2.19/math/../sysdeps/i386/i686/fpu/multiarch/s_sinf.c
fn=(216) sinf
25 2
cfi=(50)
cfn=(196)
calls=1 +41 
* 2
* 3
cob=(3) /lib/i386-linux-gnu/libc-2.19.so
cfi=(44) /build/buildd/eglibc-2.19/csu/../sysdeps/x86_64/multiarch/init-arch.c
cfn=(210) __get_cpu_features
calls=1 199 
* 11
* 1
* 6

fl=(74) /build/buildd/eglibc-2.19/math/../sysdeps/i386/fpu/e_pow.S
fn=(342) 0x00007846
71 2

fn=(340) __pow_finite
67 1
+1 2
cfn=(342)
calls=1 +3 
* 2
* 1
+6 1
+1 1
+1 1
+1 1
+1 1
+2 1
+1 1
+2 1
+1 1
+2 1
+2 1
+3 1
+1 1
+1 1
+1 1
+1 1
+1 1
+2 1
+1 1
+2 1
+1 1
+2 1
+3 1
+1 1
+1 1
+1 1
+1 1
+1 1
+4 1
+1 1
+1 1
+1 1
+1 1
+1 1
+1 1
+65 1
+1 1
+1 1
+1 1
+1 1
+1 1
+1 1
+1 1
+1 1
+1 1
+1 1
+5 1
+1 1
+1 1
+1 1
+1 1
+1 1
+1 1
+1 1
+1 1
+1 1
+1 1
+1 1
+31 1
+2 1

fl=(75) /build/buildd/eglibc-2.19/math/../sysdeps/i386/fpu/s_finite.S
fn=(344) finite
8 1
+1 1
+1 1
+1 1
+1 1
+1 1

fl=(53) /build/buildd/eglibc-2.19/math/../sysdeps/i386/i686/fpu/multiarch/e_expf.c
fn=(212) __ieee754_expf
25 2
cfi=(50)
cfn=(196)
calls=1 +41 
* 2
* 3
cob=(3)
cfi=(44)
cfn=(210)
calls=1 199 
* 11
* 1
* 6

fl=(66) ???
fn=(282) 0x00004960
0 4
cfi=(50)
cfn=(196)
calls=1 66 
0 2
0 19
cfi=(50)
cfn=(196)
calls=1 66 
0 2
0 9

fn=(558) 0x00004910
0 4
cfi=(50)
cfn=(196)
calls=1 66 
0 2
0 10
cob=(3)
cfi=(119) /build/buildd/eglibc-2.19/stdlib/cxa_finalize.c
cfn=(540) __cxa_finalize
calls=1 31 
0 78
cob=(1) /lib/i386-linux-gnu/ld-2.19.so
cfi=(51) /build/buildd/eglibc-2.19/elf/../sysdeps/i386/dl-trampoline.S
cfn=(204) _dl_runtime_resolve
calls=1 28 
0 1082
0 5
0 1
cfn=(572) 0x00004880
calls=1 0 
0 17
0 5

fn=(572)
0 4
cfi=(50)
cfn=(196)
calls=1 66 
0 2
0 11

fl=(73) /build/buildd/eglibc-2.19/math/w_pow.c
fn=(338) pow
26 4
cfi=(50)
cfn=(196)
calls=1 +40 
* 2
* 2
+1 5
cfi=(74)
cfn=(340)
calls=1 +40 
* 66
+1 3
cfi=(75)
cfn=(344)
calls=1 -20 
* 6
* 5
+30 8
+15 3
-15 1

fl=(54) /build/buildd/eglibc-2.19/math/../sysdeps/i386/i686/fpu/multiarch/s_sincosf.c
fn=(214) sincosf
25 2
cfi=(50)
cfn=(196)
calls=1 +41 
* 2
* 3
cob=(3)
cfi=(44)
cfn=(210)
calls=1 199 
* 11
* 1
* 6

fl=(86) /build/buildd/eglibc-2.19/math/w_log.c
fn=(396) log
27 39546
+1 26364
-1 13182
cfi=(50)
cfn=(196)
calls=13182 +39 
* 26364
* 13182
+1 65910
+14 26364
cfi=(87) /build/buildd/eglibc-2.19/math/../sysdeps/i386/i686/fpu/e_log.S
cfn=(398) __ieee754_log
calls=13182 -29 
* 79092
+1 39546

fl=(87)
fn=(398)
13 13182
+1 13182
+1 13182
+1 13182
+1 13182
+1 13182

fl=(49) /build/buildd/eglibc-2.19/math/../sysdeps/i386/i686/fpu/multiarch/s_cosf.c
fn=(194) cosf
25 2
cfi=(50)
cfn=(196)
calls=1 +41 
* 2
* 3
cob=(3)
cfi=(44)
cfn=(210)
calls=1 199 
* 11
cob=(1)
cfi=(51)
cfn=(204)
calls=1 +3 
* 1172
* 5
* 6

ob=(1)
fl=(11) /build/buildd/eglibc-2.19/string/../sysdeps/i386/i686/multiarch/../../i586/strlen.S
fn=(22) strlen
43 19
+1 19
+2 19
+2 19
+1 8
+2 5
+1 5
+2 4
+1 4
+2 4
+2 4
+1 4
+2 4
+2 7
+1 7
+2 7
+1 7
+26 7
+1 7
+2 7
+1 7
+2 7
+1 7
-7 23
+1 23
+2 23
+1 23
+2 23
+1 23
+2 29
+2 29
+2 29
+3 29
+1 29
+2 29
+1 29
+2 29
+1 29
+2 27
+2 27
+2 27
+3 23
+1 23
+2 23
+1 23
+2 23
+1 23
+2 23
+2 23
+2 23
+3 23
+1 23
+2 23
+1 23
+2 23
+1 23
+2 16
+2 16
+2 16
+3 18
+1 18
+2 18
+1 18
+2 14
+1 14
+2 14
+2 8
+1 8
+2 8
+1 8
+2 1
+2 1
+3 1
-3 18
+3 18

fl=(8) /build/buildd/eglibc-2.19/elf/../elf/dl-sysdep.c
fn=(14) _dl_sysdep_start
86 7
cfi=(3) /build/buildd/eglibc-2.19/elf/../sysdeps/i386/dl-tlsdesc.S
cfn=(4) 0x000187a8
calls=1 +44 
* 2
* 1
+25 1
-1 1
+1 290
+6 1
-3 1
-3 1
+3 1
+3 1
-2 1
+2 5
-10 1
-20 20
+1 2
+30 108
-1 84
+95 18
fi=(9) /build/buildd/eglibc-2.19/elf/../sysdeps/unix/sysv/linux/dl-sysdep.c
35 2
cfi=(10) /build/buildd/eglibc-2.19/elf/../sysdeps/unix/sysv/linux/i386/brk.c
cfn=(18) brk
calls=1 -2 
* 17
fi=(6) /build/buildd/eglibc-2.19/elf/../sysdeps/i386/dl-machine.h
264 5
fe=(8)
-30 2
cfi=(12) /build/buildd/eglibc-2.19/elf/../misc/sbrk.c
cfn=(24) sbrk
calls=1 34 
* 23
* 3
+12 3
+3 7
cfi=(2) /build/buildd/eglibc-2.19/elf/rtld.c
cfn=(26) dl_main
calls=1 891 
* 128397
+1 1
+1 6
-72 2
+1 1
-29 2
+1 1
+11 2
+1 1
-7 4
+1 1
-4 1
+1 1
-25 2
+1 1
-4 2
+1 1
-7 1
+1 1
+2 1
+1 1
232 2
cfi=(11)
cfn=(22)
calls=1 43 
* 29
* 2

fn=(220) _dl_sysdep_start_cleanup
256 1

fl=(56) /build/buildd/eglibc-2.19/elf/dl-init.c
fn=(234) call_init.part.0
34 35
+8 5
+3 5
-11 5
cfi=(3)
cfn=(4)
calls=5 +96 
* 10
* 5
+8 10
+3 15
+5 12
+5 6
+8 6
+1 24
cob=(2) ???
cfi=(16) ???
cfn=(276) 0x040424a4
calls=1 -64 
* 12
cob=(3)
cfi=(58) /build/buildd/eglibc-2.19/csu/init-first.c
cfn=(256) _init
calls=1 -12 
* 156
cob=(2)
cfi=(16)
cfn=(236) 0x04024370
calls=1 -64 
* 12
+3 3
+1 6
+6 3
+2 6
-2 6
+3 3
-3 3
+3 9
+1 18
cob=(4)
cfi=(66)
cfn=(282)
calls=1 -78 
* 36
cob=(3)
cfi=(62) /build/buildd/eglibc-2.19/libio/oldstdfiles.c
cfn=(264) _IO_check_libio
calls=1 -1 
* 12
cob=(5) /usr/lib/valgrind/vgpreload_core-x86-linux.so
cfi=(57) ???
cfn=(244) 0x000004d0
calls=1 -78 
* 36
* 12
cob=(3)
cfi=(65) /build/buildd/eglibc-2.19/elf/dl-altinit.c
cfn=(274) dlinit_alt
calls=1 -37 
* 11
cob=(3)
cfi=(63) /build/buildd/eglibc-2.19/string/../sysdeps/x86_64/cacheinfo.c
cfn=(266) init_cacheinfo
calls=1 550 
* 3428
-1 15
+3 24
-29 3
+29 6
-34 3

fn=(232) _dl_init
86 6
cfi=(3)
cfn=(4)
calls=1 +44 
* 2
* 2
+1 1
-1 1
+2 1
-2 1
+5 3
+7 2
+26 2
+1 23
+1 10
-90 34
cfn=(234)
calls=4 -2 
* 3852
* 4
+96 6
-96 8
cfn=(234)
calls=1 -2 
* 109
* 1
+58 2

fl=(19) /build/buildd/eglibc-2.19/string/../sysdeps/i386/i686/multiarch/../strcmp.S
fn=(54) strcmp
30 363
+1 363
+2 363
+1 363
+1 363
-2 1515
+1 1515
+1 1515
+1 1661
+1 1661
+1 1661
+1 1661
+2 146
+3 146
+2 217
+1 217
+1 217
+2 217

fl=(27) /build/buildd/eglibc-2.19/string/../sysdeps/i386/i686/multiarch/../../i586/strchr.S
fn=(76) index
45 11
+2 11
+3 11
+2 11
+3 11
+1 11
+2 11
+2 11
+6 11
+1 11
+2 11
+1 11
+2 11
+1 11
+2 11
+2 6
+1 6
+2 6
+1 6
+2 6
+1 6
+2 6
+1 6
+2 6
+1 6
+2 6
+1 6
+2 6
+1 6
+2 6
+2 5
+2 5
+1 5
+2 5
+1 5
+2 5
+10 5
+1 5
+2 5
+1 5
+25 5
+1 5
+2 5
+1 5
-33 6
+1 6
+2 6
+1 6
+25 6
+1 6
+2 6
+1 6
-4 2
+1 2
+2 2
+1 2
+2 13
+1 13
+2 13
+1 13
+2 13
+1 13
+2 13
+1 13
+2 13
+1 13
+2 13
+1 13
+2 13
+1 13
+2 13
+1 13
+2 12
+1 12
+2 12
+1 12
+2 12
+1 12
+2 12
+1 12
+2 8
+1 8
+2 8
+1 8
+2 8
+1 8
+2 8
+1 8
+2 8
+1 8
+2 8
+1 8
+2 8
+1 8
+2 8
+1 8
+2 7
+1 7
+2 7
+1 7
+2 5
+1 5
+2 5
+1 5
+2 5
+1 5
+2 5
+1 5
+2 5
+1 5
+2 5
+1 5
+2 5
+1 5
+2 5
+1 5
+2 3
+1 3
+2 3
+1 3
+2 2
+1 2
+2 2
+1 2
+2 2
+1 2
+2 2
+1 2
+2 2
+1 2
+2 2
+2 2
+4 1
+1 1
+2 1
+15 11
+3 11
+4 11
+3 11
+4 11
+9 10
+1 10
+2 10
+2 10
+1 10
+2 10
+2 10
+1 10
+2 10
+1 10
+2 8
+1 8
+2 8
+1 8
+2 8
+1 8
+2 1
+3 1
+1 1
+2 10
+1 10

fl=(12)
fn=(24)
34 4
cfi=(3)
cfn=(4)
calls=1 +96 
* 2
* 3
+8 6
+4 2
+11 6

fl=(10)
fn=(18)
33 3
cfi=(3)
cfn=(4)
calls=1 +97 
* 2
* 1
+4 5
+2 1
+8 1
-6 2
+7 2

fl=(15) /build/buildd/eglibc-2.19/elf/dl-object.c
fn=(32) _dl_new_object
61 20
cfi=(3)
cfn=(4)
calls=4 +69 
* 8
* 8
+1 4
-1 16
+1 4
cfi=(11)
cfn=(22)
calls=4 -19 
* 223
+6 4
-6 8
+6 4
-6 4
+6 4
+7 24
cfi=(17) /build/buildd/eglibc-2.19/elf/dl-minimal.c
cfn=(36) calloc
calls=4 +27 
* 298
* 4
+3 4
-3 4
+3 4
+4 4
-1 4
+1 8
+4 8
+1 32
cfi=(18) /build/buildd/eglibc-2.19/string/../sysdeps/i386/i686/multiarch/../memcpy.S
cfn=(46) memcpy
calls=4 -47 
* 106
* 4
+2 4
-2 4
+10 16
+1 4
-1 4
+1 16
+3 4
-3 4
+3 4
+6 4
-4 4
+4 4
+3 13
+2 1
-2 3
+2 15
-2 45
+12 4
+4 4
-4 4
+6 4
-5 4
+5 12
+2 9
+3 9
+4 12
+4 6
+2 1
+6 1
+3 2
+3 6
-3 6
+3 18
+2 9
cfi=(11)
cfn=(22)
calls=3 43 
* 282
+4 3
-4 9
+4 12
+64 6
+4 24
68 40
+73 9
-39 10
+39 2
+70 18
cfi=(25) /build/buildd/eglibc-2.19/string/../sysdeps/i386/i686/multiarch/../mempcpy.S
cfn=(72) mempcpy
calls=3 40 
* 70
* 3
+5 48
+1 48
-1 48
+1 51
-1 3
+1 9
+5 6
-57 6
cfi=(17)
cfn=(40) malloc
calls=3 -72 
* 147
* 3
+1 3
-1 3
+1 9

fn=(48) _dl_add_to_namespace_list
32 24
cfi=(3)
cfn=(4)
calls=4 +98 
* 8
* 12
+2 12
cfi=(2)
cfn=(50) rtld_lock_default_lock_recursive
calls=4 837 
* 12
+2 25
+4 6
-1 27
+2 3
+2 3
+5 3
-1 3
+1 3
-1 3
+1 3
+1 3
-1 3
+1 9
+2 6
cfi=(2)
cfn=(52) rtld_lock_default_unlock_recursive
calls=3 843 
* 9
-3 1
-1 1
+1 1
-1 1
+1 1
+1 1
-1 1
+1 3
+2 2
cfi=(2)
cfn=(52)
calls=1 843 
* 3
+1 24
-6 2

fl=(13) /build/buildd/eglibc-2.19/elf/dl-environ.c
fn=(28) _dl_next_ld_env_entry
30 3
+3 9
+2 140
+11 68
-13 204
-2 1
+19 6
-14 38
+5 2
-3 2
+3 2
+2 2

fl=(39) /build/buildd/eglibc-2.19/elf/dl-version.c
fn=(146) _dl_check_all_versions
380 7
cfi=(3)
cfn=(4)
calls=1 130 
* 2
* 1
+4 1
-4 1
+4 2
-2 2
+4 35
cfn=(148) _dl_check_map_versions
calls=5 174 
* 6176
-2 5
+2 15
-1 5
-1 10
+5 7

fn=(148)
174 40
+15 10
-15 5
cfi=(3)
cfn=(4)
calls=5 -44 
* 10
* 10
+15 10
+2 10
+2 20
+1 10
+2 5
-2 5
+2 5
+3 6
+4 3
-4 3
+4 9
+34 3
-34 6
+34 6
-17 6
56 3
220 3
56 15
220 4
56 2
220 2
56 10
+1 16
-1 32
+2 63
cfi=(31) /build/buildd/eglibc-2.19/elf/dl-misc.c
cfn=(106) _dl_name_match_p
calls=21 288 
* 1564
* 47
228 15
+5 20
+19 5
-15 186
cfn=(150) match_symbol
calls=3 76 
* 513
* 56
cfn=(150)
calls=7 76 
* 1361
* 20
+7 10
-7 10
+7 40
+3 30
+9 20
+5 2
+1 2
-79 2
-8 2
+95 15
+3 12
+3 18
+3 12
+4 3
-7 12
+3 9
+4 40
-7 160
+3 123
+8 3
+86 3
-86 8
+86 2
-86 4
+87 6
-81 28
cfi=(17)
cfn=(36)
calls=4 102 
* 331
* 4
* 4
-1 4
+2 4
-2 4
+2 4
+8 4
+3 16
+2 12
+3 15
+4 20
+18 5
-15 5
+2 20
-2 5
+2 20
+2 20
+1 10
-1 10
+1 20
+1 10
-2 10
+3 10
-1 20
+1 30
+3 35
+8 15
+5 2
+1 5
+4 12
+3 18
+20 43
-14 43
-2 43
+2 46
-2 3
+2 3
+4 43
+1 215
+1 43
+1 43
-1 86
+4 138
+9 4
+1 24

fn=(150)
76 70
cfi=(3)
cfn=(4)
calls=10 +54 
* 20
* 30
+1 20
+8 10
-8 10
+8 10
+6 40
+15 10
+1 20
+2 20
+5 20
+14 158
+12 207
+4 69
-30 138
+19 80
cfi=(19)
cfn=(54)
calls=10 30 
* 852
* 30
+35 60

fl=(24) /build/buildd/eglibc-2.19/io/../sysdeps/unix/syscall-template.S
fn=(112) read
81 27
+1 3

fn=(110) open
81 189
+1 21
cfi=(22) /build/buildd/eglibc-2.19/elf/dl-load.c
cfn=(70) 0x000187a4
calls=17 1512 
* 34
* 85

fn=(68) access
81 32
+1 4
cfi=(22)
cfn=(70)
calls=4 1512 
* 8
* 20

fn=(122) close
81 28
+1 4

fl=(26) /build/buildd/eglibc-2.19/misc/../sysdeps/unix/sysv/linux/i386/mmap.S
fn=(74) mmap
29 11
+2 11
+2 11
+2 11
+3 11
+2 11
+1 11
+1 11
+2 11
+2 11
+2 11
+1 11
+1 11
+1 11
+2 11
+3 11
+3 11
+3 11
+3 11
+3 11
+5 11
+1 11
+3 11

fl=(14) /build/buildd/eglibc-2.19/string/../sysdeps/i386/i686/multiarch/../memcmp.S
fn=(30) bcmp
46 16
+2 16
+1 16
+1 16
+2 16
+1 16
+18 16
+2 16
+2 16
+2 16
+1 32
cfi=(3)
cfn=(4)
calls=16 +52 
* 32
* 32
+3 16
+1 16
+1 16
+14 1
+1 1
+1 1
+1 1
+2 6
+1 6
+1 6
+1 6
+2 7
+1 7
+1 7
+1 7
+2 7
+1 7
+1 7
+1 7
+2 7
+1 7
+1 7
+1 7
+2 7
+3 7
+1 14
256 1
+1 1
+1 1
+1 1
+2 6
+1 6
+1 6
+1 6
+2 5
+1 5
+1 5
+1 5
+1 5
+1 5
+1 5
+1 5
+1 5
+1 5
+3 5
+1 10
+70 4
+1 4
+11 4
+1 4
+1 4
+3 8

fl=(23) /build/buildd/eglibc-2.19/elf/dl-hwcaps.c
fn=(66) _dl_important_hwcaps
39 7
cfi=(3)
cfn=(4)
calls=1 +91 
* 2
* 5
+2 5
+1 1
-1 1
+1 1
+9 1
-9 3
+9 8
+1 7
-1 1
+1 1
+1 1
-2 1
+2 1
-2 6
+1 182
-1 26
+1 26
+1 26
-2 26
+2 26
-2 480
+10 4
+31 2
+23 5
cfi=(24)
cfn=(68)
calls=1 -34 
* 16
* 3
-2 3
+17 5
+3 1
-3 1
+3 1
+29 3
+3 2
-3 1
+3 4
-2 270
+2 16
+1 4
cfi=(11)
cfn=(22)
calls=2 43 
* 50
+1 2
-1 4
+1 10
+1 2
-1 12
-5 112
+8 2
+2 3
+1 6
+4 1
+4 1
-4 2
+1 1
+3 1
+3 1
+1 1
-1 1
+4 2
+1 1
-1 6
+1 1
+2 1
+1 6
+1 2
-1 3
+1 2
-1 3
+2 2
+1 2
+2 2
-1 1
+1 1
-1 2
+5 4
+6 6
+1 3
-1 1
+1 1
cfi=(17)
cfn=(40)
calls=1 93 
* 49
* 1
+1 1
-1 1
+1 1
+29 3
+3 1
-3 2
+3 2
+7 12
+6 1
-3 1
+3 1
-3 1
+3 4
cfi=(25)
cfn=(72)
calls=1 40 
* 16
* 3
-3 3
+3 3
-3 3
+3 12
cfi=(25)
cfn=(72)
calls=3 40 
* 48
+3 4
-3 4
+3 4
-3 8
+3 20
+1 40
+1 36
cfi=(25)
cfn=(72)
calls=4 40 
* 60
* 12
-2 4
+2 4
-2 4
+5 32
cfi=(25)
cfn=(72)
calls=4 40 
* 60
+2 4
-2 8
+2 8
+5 10
+1 2
-1 2
+1 30
-1 33
+8 1
-3 3
+3 1
-3 1
+3 6
-3 9
+3 3
-3 3
+3 13
+1 96
+1 32
-1 32
+1 64
-2 32
+1 64
-1 96
+4 8
+3 1
+2 2
-2 1
+1 1
+1 1
-1 1
+1 2
-1 1
+1 2
+3 3
+3 3
-3 6
-3 6
+2 30
+3 3
+1 3
-1 3
-5 15
+13 1
+1 1
-1 2
+3 2
-3 7
+1 7
-1 14
+3 14
+3 4
+3 1
-1 1
+1 5
145 2
-14 2

fl=(80) /build/buildd/eglibc-2.19/elf/dl-open.c
fn=(366) _dl_find_dso_for_object
178 6
cfi=(3)
cfn=(4)
calls=1 -48 
* 2
* 2
+4 6
+1 4
+1 14
+1 2
-2 9
+5 3
+4 6

fl=(36) /build/buildd/eglibc-2.19/elf/dl-cache.c
fn=(132) _dl_load_cache_lookup
182 10
cfi=(3)
cfn=(4)
calls=2 -52 
* 4
* 6
+8 4
+3 6
+45 3
+6 8
+9 2
+2 2
-2 4
fi=(37) /build/buildd/eglibc-2.19/elf/../sysdeps/i386/dl-procinfo.h
100 8
+3 6
cfi=(19)
cfn=(54)
calls=2 -73 
* 32
* 18
cfi=(19)
cfn=(54)
calls=6 -73 
* 142
* 16
-2 24
fe=(36)
259 8
cfi=(24)
cfn=(68)
calls=2 81 
* 32
* 2
+4 16
+15 289
cfn=(138) _dl_cache_libcmp
calls=19 138 
* 2043
* 95
fi=(37)
104 2
fe=(36)
257 20
-61 4
cfi=(31)
cfn=(134) _dl_sysdep_read_whole_file
calls=1 45 
* 102
+8 1
-8 1
+8 4
+1 5
cfi=(14)
cfn=(30)
calls=1 46 
* 40
* 2
+7 1
-3 1
+3 2
+3 1
+1 2
-1 1
+1 1
+1 5
cfi=(14)
cfn=(30)
calls=1 46 
* 43
* 2
+2 2
+59 36
cfn=(138)
calls=2 138 
* 216
* 10
-15 2
+15 2
-15 8
+15 32
-15 4
+15 2
-14 2
-1 4
+15 52
+16 4
+5 14

fn=(222) _dl_unload_cache
308 2
cfi=(3)
cfn=(4)
calls=1 130 
* 2
* 2
+1 4
+2 4
cfi=(48) /build/buildd/eglibc-2.19/misc/../sysdeps/unix/syscall-template.S
cfn=(224) munmap
calls=1 81 
* 9
+1 1
+2 3

fn=(138)
138 126
+1 92
+2 102
+2 102
-2 204
+2 12
+7 2
-1 6
+1 2
-1 2
+1 6
+1 6
-2 2
+2 2
+2 10
+2 4
+6 500
+2 400
+4 81
-28 81
+29 81
-29 245
+32 2
+1 8
-1 2
+1 2
-19 6
+11 19
+8 19
-8 38
+8 19
-8 19
+8 57

fl=(38) /build/buildd/eglibc-2.19/elf/dl-tls.c
fn=(218) _dl_allocate_tls_init
376 6
cfi=(3)
cfn=(4)
calls=1 130 
* 2
* 1
+1 1
-1 1
+1 1
+4 2
+3 1
-1 1
-2 1
+8 3
+5 8
+6 6
+22 2
+1 5
+2 2
+1 3
+8 3
+1 1
+1 5
cfi=(25)
cfn=(72)
calls=1 40 
* 16
* 6
cfi=(33) /build/buildd/eglibc-2.19/string/../sysdeps/i386/i686/multiarch/../memset.S
cfn=(118) memset
calls=1 48 
* 36
-42 7
+6 2
+3 1
+1 2
+6 5
+3 2
-1 2
+38 3
+2 1
+1 6

fn=(140) _dl_next_tls_modid
50 5
cfi=(3)
cfn=(4)
calls=1 +80 
* 2
* 2
+3 3
+48 2
+4 6

fn=(158) allocate_dtv
288 5
cfi=(3)
cfn=(4)
calls=1 130 
* 2
* 2
+8 1
-1 2
+1 3
cfi=(17)
cfn=(36)
calls=1 102 
* 73
* 1
+1 2
+9 1
-6 1
+6 1
+6 6

fn=(192) _dl_add_to_slotinfo
831 6
cfi=(3)
cfn=(4)
calls=1 130 
* 2
* 2
+6 2
+3 2
+5 3
+41 3
+1 3
+1 6

fn=(506) ___tls_get_addr
769 3
cfi=(3)
cfn=(4)
calls=1 130 
* 2
* 1
+1 1
+2 3
+3 2
+2 2
+3 2
+1 3

fn=(154) _dl_determine_tlsoffset
112 5
cfi=(3)
cfn=(4)
calls=1 +18 
* 2
* 2
+6 3
+3 3
+36 1
-34 2
+34 2
+2 4
-2 1
-2 1
-40 1
-1 1
-1 2
+44 6
+5 1
-1 1
+5 1
-4 1
-1 2
+3 1
-3 1
+7 1
-4 3
+2 6
+16 5
+2 1
-2 1
+2 1
+1 1
-1 2
+10 1
-12 2
+15 9
+1 1
+51 2
+1 6

fn=(156) _dl_allocate_tls_storage
328 5
cfi=(3)
cfn=(4)
calls=1 130 
* 2
* 2
+2 1
+11 4
cfi=(17)
cfn=(44) __libc_memalign
calls=1 51 
* 74
* 1
+1 1
-1 1
+1 1
+7 1
+4 318
+11 2
cfn=(158)
calls=1 -76 
* 100
+1 2
+5 6

fl=(18)
fn=(46)
40 17
+1 17
+1 17
+1 17
+2 17
+1 17
+1 17
+1 17
+1 17
+1 17
+2 12
+1 12
+2 12
+1 12
+11 12
+1 12
+1 12
+1 12
+1 68
+2 12
+1 24
+2 12
+2 12
+1 12
+1 12
+2 12
-4 5
+1 5
+1 5
+2 5
+6 5
+1 5
+1 1
+1 1
+1 1
-1 4
+1 4
+1 4
+1 23
+2 5

fl=(28) /build/buildd/eglibc-2.19/elf/dl-debug.c
fn=(90) _dl_debug_initialize
47 15
cfi=(3)
cfn=(4)
calls=5 +83 
* 10
* 5
+3 10
+5 8
+5 1
-1 1
+1 2
+1 2
+4 10
-14 5
+4 10
+4 1
-1 1
-58 1

fn=(92) _dl_debug_state
74 2

fl=(21) /build/buildd/eglibc-2.19/posix/../sysdeps/unix/syscall-template.S
fn=(62) uname
81 7
+1 1

fl=(22)
fn=(82) expand_dynamic_string_token
415 14
cfi=(3)
cfn=(4)
calls=2 130 
* 4
* 6
+10 4
-10 2
+10 2
cfi=(27)
cfn=(76)
calls=2 45 
* 366
* 4
+15 2
-11 2
+11 8
-11 2
cfn=(84) local_strdup
calls=2 160 
* 389

fn=(104) _dl_map_object
2317 42
+7 6
-7 6
cfi=(3)
cfn=(4)
calls=6 130 
* 12
* 12
+7 12
+1 18
+3 48
+12 30
-12 45
+5 54
+1 36
+2 54
cfi=(31)
cfn=(106)
calls=18 288 
* 1363
* 39
2607 18
2362 6
+10 18
+26 6
-2 3
+2 3
cfi=(27)
cfn=(76)
calls=3 45 
* 229
* 6
2538 8
cfn=(82)
calls=1 415 
* 517
+1 1
-3 1
+3 2
+4 7
cfn=(108) open_verify
calls=1 1873 
* 318
+3 1
-3 1
+3 1
+12 12
+2 3
-2 3
+2 3
+44 6
+1 48
cfn=(114) _dl_map_object_from_fd
calls=3 923 
* 5186
+2 18
2402 4
cfi=(11)
cfn=(22)
calls=2 43 
* 96
* 2
+2 2
-2 2
+2 2
+7 12
+35 4
+1 38
cfn=(128) open_path
calls=2 2168 
* 3096
* 6
+6 14
+1 4
691 6
2530 4
-95 4
+21 2
+6 8
+2 6
+4 4
cfi=(36)
cfn=(132)
calls=2 182 
* 3410
+2 2
-2 2
+2 2
+4 8
+8 4
+22 26
cfn=(108)
calls=2 1873 
* 746
+3 6
+2 4
cfn=(84)
calls=2 160 
* 380
+1 4
-1 2
+1 2
-74 16
691 2
2437 2
691 4
2415 4
+1 2
-1 8
+5 6
691 2
2421 2
691 4
2341 45
+3 6
+1 12
+1 18
cfi=(19)
cfn=(54)
calls=6 30 
* 117
* 12

fn=(128)
2168 14
+1 2
-1 2
cfi=(3)
cfn=(4)
calls=2 130 
* 4
* 4
+1 2
+6 2
-6 2
+6 2
+5 6
-7 2
-1 2
+8 20
1633 6
2192 6
+7 14
cfi=(25)
cfn=(72)
calls=2 40 
* 38
* 2
+1 6
+14 2
-14 2
-13 2
+27 4
+6 32
-20 123
+3 64
+4 153
cfi=(25)
cfn=(72)
calls=17 40 
* 286
* 102
cfi=(25)
cfn=(72)
calls=17 40 
* 289
+3 34
+3 51
+3 170
cfn=(108)
calls=17 1873 
* 816
* 17
+2 51
+26 4
+2 2
-46 4
+85 12
+5 2
+2 2
-2 2
+2 8
+3 6
-13 2
+27 12
-84 48
+1 96
+6 96
+2 80
cfi=(35) /build/buildd/eglibc-2.19/io/../sysdeps/unix/sysv/linux/xstat64.c
cfn=(130) __xstat64
calls=16 33 
* 285
* 32
+1 4
+2 30
+7 32
-5 3

fn=(64) _dl_init_paths
714 7
cfi=(3)
cfn=(4)
calls=1 130 
* 2
* 2
+13 6
cfi=(23)
cfn=(66)
calls=1 39 
* 2618
* 1
+5 1
-5 1
+5 1
cfi=(17)
cfn=(40)
calls=1 93 
* 49
* 1
+1 1
-1 1
-1 1
+2 1
+8 1
-1 1
+1 2
-1 2
+5 4
cfi=(17)
cfn=(40)
calls=1 93 
* 88
* 1
-1 1
+3 1
-3 1
+3 2
+15 1
+14 4
-7 1
-7 2
+2 3
+3 7
+2 1
-16 1
+1 1
+11 1
+4 1
-1 1
+1 1
+4 24
+1 4
-1 12
+1 60
-1 184
+3 12
-14 3
+2 3
+12 3
-14 6
+2 3
+4 3
-3 3
+2 6
+1 6
+1 15
+3 9
-10 6
+7 6
+18 1
-11 1
+7 2
-1 1
+6 1
-5 1
+5 1
+2 4
+2 3
+38 4
+8 3
cfi=(27)
cfn=(76)
calls=1 45 
* 110
* 2
+2 2
cfi=(11)
cfn=(22)
calls=1 43 
* 53
* 10
cfi=(18)
cfn=(46)
calls=1 40 
* 32
* 1
+17 3
-1 3
+3 1
+1 2
+1 1
-4 3
+2 13
+1 26
+1 13
-4 40
+8 2
cfi=(17)
cfn=(40)
calls=1 93 
* 49
* 1
+1 1
-2 1
+2 1
+6 11
cfn=(78) fillin_rpath
calls=1 486 
* 972
+4 4
+6 1
+4 6
-75 1
-2 1
+2 2
+14 2

fn=(78)
486 6
cfi=(3)
cfn=(4)
calls=1 130 
* 2
* 6
+2 3
+3 5
cfi=(17)
cfn=(80) strsep
calls=1 335 
* 300
* 5
cfi=(17)
cfn=(80)
calls=1 335 
* 26
* 4
+4 4
cfn=(82)
calls=1 -80 
* 288
+2 1
-2 1
+2 1
cfi=(11)
cfn=(22)
calls=1 43 
* 50
+7 2
-3 1
-4 1
+4 1
+7 6
+8 3
+7 20
+1 8
+57 2
cfi=(17)
cfn=(88) free
calls=1 119 
* 14
* 1
* 3
-39 3
+4 3
+1 3
-1 1
+1 1
-2 2
cfi=(17)
cfn=(40)
calls=1 93 
* 49
* 1
+3 2
-3 1
+3 1
+5 1
-1 2
+2 5
cfi=(25)
cfn=(72)
calls=1 40 
* 19
+1 1
+2 1
-3 1
+1 1
+2 1
+6 4
+1 1
-1 1
+1 5
+1 1
-1 3
+1 15
-1 46
+4 1
-1 1
+1 1
-1 1
+1 1
+7 1
+4 1
-3 1
-1 1
+4 5
-71 2
+5 4
+29 2
+43 3
+3 6
-15 2

fn=(114)
923 21
cfi=(3)
cfn=(4)
calls=3 130 
* 6
* 9
+11 3
-11 3
+11 6
cfi=(28)
cfn=(90)
calls=3 47 
* 45
* 3
+4 15
cfi=(32) /build/buildd/eglibc-2.19/io/../sysdeps/unix/sysv/linux/fxstat64.c
cfn=(116) __fxstat64
calls=3 33 
* 45
* 6
+11 21
+1 21
-1 27
+1 72
+17 9
+25 6
+10 6
+22 12
+32 6
935 3
1059 30
cfi=(15)
cfn=(32)
calls=3 61 
* 1659
* 3
+1 3
-1 3
+1 3
+11 9
+1 9
+1 6
+2 9
+1 3
-1 3
-2 3
+3 15
+1 9
+24 30
+8 15
+97 3
1103 3
-1 3
-10 3
1206 6
-96 45
-1 156
+1 160
+6 6
+1 9
+1 3
+3 4
+1 2
+5 42
+6 6
+1 6
-1 36
+8 24
+1 6
-1 12
+1 6
-1 6
+1 36
+1 18
+2 6
-2 6
+3 6
-2 6
+2 6
-2 6
+3 12
+4 6
-5 6
+1 6
+4 6
+1 18
+5 21
-16 6
+26 3
-10 21
-16 6
+26 3
+3 3
+4 1
+1 1
+1 1
-1 1
+1 1
+4 2
+3 2
+4 4
+6 1
cfi=(38)
cfn=(140)
calls=1 50 
* 20
* 1
+1 1
+60 6
+1 6
+1 3
-6 6
+1 3
-72 4
+80 18
+13 12
+2 3
-2 3
+2 3
+19 30
-5 3
+5 6
cfi=(26)
cfn=(74)
calls=3 29 
* 69
+4 3
-4 3
+4 3
+7 3
+1 3
-1 3
+1 3
+2 3
-3 3
+1 3
+2 3
+10 3
+2 6
+33 24
+1 9
+2 18
+8 30
+6 3
+1 3
-1 3
+1 3
+1 6
+1 6
-1 12
+8 6
+3 6
+11 24
cfi=(33)
cfn=(118)
calls=3 48 
* 156
+1 15
+5 6
+15 6
-74 36
+2 15
+2 39
cfi=(26)
cfn=(74)
calls=3 29 
* 69
* 6
+74 12
+9 6
fi=(4) /build/buildd/eglibc-2.19/elf/get-dynamic-info.h
38 3
fe=(22)
1427 6
fi=(4)
38 3
+6 3
-2 3
+2 6
+25 9
+20 13
+1 15
+1 15
+1 15
+2 9
+3 15
+2 15
+1 13
+1 15
+6 9
+7 9
+5 9
+4 9
+1 9
+12 9
+5 2
+2 2
-2 2
+2 2
+2 4
+2 4
+3 9
+2 1
+8 1
-8 1
+9 2
-1 1
+5 2
+3 9
fe=(22)
1433 6
+16 9
+19 6
+2 15
+55 9
+1 2
+3 3
cfi=(24)
cfn=(122)
calls=1 81 
* 8
* 6
cfi=(24)
cfn=(122)
calls=2 81 
* 16
* 6
+8 15
+3 9
+2 3
-2 3
+2 3
+16 6
cfi=(7) /build/buildd/eglibc-2.19/elf/dl-lookup.c
cfn=(12) _dl_setup_hash
calls=3 859 
* 111
+4 6
+1 9
+17 6
+1 1
+3 3
+1 1
-1 1
+1 2
+4 1
-4 1
+4 2
-5 6
+1 2
-1 2
+1 4
+4 2
-4 2
+4 4
+10 9
cfi=(15)
cfn=(48)
calls=3 32 
* 171
+4 12
+20 18
fi=(4)
52 56
+10 14
-18 42
+8 57
+10 57
-18 171
+18 3
-18 9
+2 148
+5 68
+2 12
+3 12
+3 12
+2 9
fe=(22)
1356 7
+1 8
+1 4
-1 2
+3 5
+43 11
cfi=(26)
cfn=(74)
calls=1 29 
* 23
+3 2
1537 6
+1 4
fi=(4)
114 6
fe=(22)

fn=(108)
1873 120
cfi=(3)
cfn=(4)
calls=20 130 
* 40
* 120
+36 60
+21 80
cfi=(24)
cfn=(110)
calls=20 81 
* 319
+1 20
-1 20
+1 20
+11 6
+5 3
-6 3
+1 3
+5 27
cfi=(24)
cfn=(112)
calls=3 81 
* 30
+2 6
+2 6
+2 3
-2 6
+2 3
+6 6
+16 21
cfi=(14)
cfn=(30)
calls=3 46 
* 93
* 6
+2 6
-2 6
+4 21
cfi=(14)
cfn=(30)
calls=3 46 
* 108
-4 6
+75 9
+5 6
+3 15
+5 6
+7 3
+1 6
-1 6
+1 9
+1 9
+15 117
+2 53
+4 18
+1 9
+13 6
+1 3
-1 3
+1 6
-2 3
+4 9
+5 2
+1 2
-13 10
cfi=(14)
cfn=(30)
calls=2 46 
* 78
* 15
cfi=(14)
cfn=(30)
calls=3 46 
* 102
* 14
+16 4
+5 2
-2 2
+1 2
+1 2
+1 6
+1 8
-4 2
+1 2
-1 2
+2 2
-1 6
-1 2
+4 4
+5 17
+23 114
2006 3
+81 7
+67 6

fn=(70)
1512 56

fn=(84)
160 20
cfi=(3)
cfn=(4)
calls=4 -30 
* 8
* 8
+1 8
cfi=(11)
cfn=(22)
calls=4 43 
* 342
* 4
+1 8
cfi=(17)
cfn=(40)
calls=4 -69 
* 196
* 4
+2 8
+3 16
cfi=(18)
cfn=(46)
calls=4 40 
* 127
+1 20

fl=(32)
fn=(116)
33 4
+2 4
-2 4
cfi=(3)
cfn=(4)
calls=4 +97 
* 8
* 4
+2 28
+6 8

fl=(31)
fn=(106)
288 612
cfi=(3)
cfn=(4)
calls=102 130 
* 204
* 204
+1 408
cfi=(19)
cfn=(54)
calls=102 30 
* 925
* 204
+3 102
+2 204
+4 102
-4 204
+1 440
cfi=(19)
cfn=(54)
calls=110 30 
* 2063
* 220
+6 8
-11 8
+11 126
-1 94
+1 376

fn=(134)
45 7
cfi=(3)
cfn=(4)
calls=1 +85 
* 2
* 2
+7 3
cfi=(24)
cfn=(110)
calls=1 +29 
* 10
+1 1
-1 1
+1 1
+2 5
cfi=(32)
cfn=(116)
calls=1 -22 
* 15
* 2
+2 1
+3 1
-3 1
+3 1
+13 2
cfi=(24)
cfn=(122)
calls=1 +8 
* 8
+3 7
-14 7
cfi=(26)
cfn=(74)
calls=1 -33 
* 23
* 2

fl=(9)
fn=(60) _dl_discover_osversion
45 5
cfi=(3)
cfn=(4)
calls=1 +85 
* 2
* 2
+2 4
+40 3
cfi=(21)
cfn=(62)
calls=1 -6 
* 8
* 2
+15 1
-15 1
+20 1
-1 1
+3 12
+2 3
+2 3
-2 3
+2 10
+3 1
-1 1
+1 1
-3 4
+7 3
-1 3
+2 3
+2 13
+8 1
+1 6
-4 2

fl=(51)
fn=(204)
28 11
+2 11
+2 11
+2 11
+1 11
+1 11
cfi=(52) /build/buildd/eglibc-2.19/elf/dl-runtime.c
cfn=(206) _dl_fixup
calls=11 +30 
* 11057
+1 11
+2 11
+1 11
+1 11
+1 11

fl=(30) /build/buildd/eglibc-2.19/setjmp/../sysdeps/i386/setjmp.S
fn=(100) __sigsetjmp
30 6
+3 6
+1 6
+1 6
+1 6
+4 6
+1 6
+5 6
+1 6
+4 6
+1 6

fl=(118) /build/buildd/eglibc-2.19/elf/dl-fini.c
fn=(510) _dl_sort_fini
32 8
cfi=(3)
cfn=(4)
calls=1 +98 
* 2
* 1
+2 1
-2 4
+2 1
+5 3
+1 1
-1 1
+1 4
-1 1
+1 1
+1 4
cfi=(33)
cfn=(118)
calls=1 +7 
* 23
* 6
+15 3
+62 4
+3 30
cfi=(33)
cfn=(118)
calls=3 -73 
* 73
* 18
-76 9
+1 15
-1 3
+1 9
+4 9
+71 3
-76 3
+1 5
-1 1
+1 3
+4 11
+6 4
+1 4
-1 4
+1 13
+2 6
+1 6
-1 6
+1 9
+3 21
-1 30
+31 18
+21 12
-57 18
+61 13
+7 6

fn=(508) _dl_fini
131 6
cfi=(3)
cfn=(4)
calls=1 -1 
* 2
* 4
+19 1
-6 1
-1 3
+10 14
+86 3
-83 4
cfi=(2)
cfn=(50)
calls=1 837 
* 3
+3 2
+3 2
+2 6
+7 1
+4 1
-4 2
+4 2
+2 3
+3 7
+3 3
+10 10
+2 10
+2 5
+1 5
+1 5
+4 5
-12 15
+14 3
+5 7
cfn=(510)
calls=1 32 
* 430
+9 1
-9 1
+9 2
cfi=(2)
cfn=(52)
calls=1 843 
* 3
+4 4
+2 3
+2 3
-2 12
+2 12
+3 10
+3 15
+4 6
+7 6
+4 3
+1 3
-1 3
+1 3
-1 3
+1 3
+2 18
+1 3
cob=(4)
cfi=(66)
cfn=(558)
calls=1 0 
* 1204
cob=(5)
cfi=(57)
cfn=(526) 0x00000480
calls=1 0 
* 924
cob=(6) /home/carlos/Desktop/AP_TP3_MD_Parallel/MD_SEQ/MD_SEQ
cfi=(67) ???
cfn=(512) 0x08048690
calls=1 0 
* 14
-1 9
+5 9
+1 9
cob=(2)
cfi=(16)
cfn=(580) 0x0407070c
calls=1 0 
* 9
cob=(2)
cfi=(16)
cfn=(554) 0x0402460c
calls=1 0 
* 9
cob=(2)
cfi=(16)
cfn=(522) 0x0804a0d4
calls=1 0 
* 9
+5 35
-39 10
+55 5
-55 11
-70 2
283 6
-49 6
+55 2
+7 6

fl=(17)
fn=(88)
119 3
cfi=(3)
cfn=(4)
calls=1 +11 
* 2
* 3
+2 2
+7 4

fn=(36)
102 70
cfi=(3)
cfn=(4)
calls=10 +28 
* 20
* 10
+7 10
-3 10
+3 10
-3 10
+3 20
+4 20
cfn=(40)
calls=10 -20 
* 535
* 10
+1 50

fn=(44)
51 108
cfi=(3)
cfn=(4)
calls=27 +79 
* 54
* 108
+1 107
+11 26
+1 26
-1 26
+3 52
-3 26
+3 26
-3 1
+1 1
-1 1
+3 2
-3 1
+3 97
+4 12
+1 9
+6 21
cfi=(26)
cfn=(74)
calls=3 -48 
* 69
+2 15
+4 9
+3 3
+1 3
+2 18
-3 24
+1 24
+2 192
-31 3
+1 1
-2 3

fn=(80)
335 28
cfi=(3)
cfn=(4)
calls=4 130 
* 8
* 4
+3 16
+2 8
+1 4
-1 4
+1 4
+4 187
+7 472
-2 236
+10 59
-15 179
+18 4
+4 28

fn=(40)
93 78
cfi=(3)
cfn=(4)
calls=26 +37 
* 52
* 26
+1 104
cfn=(44)
calls=26 -43 
* 994
* 26
+1 78

fl=(25)
fn=(72)
40 53
+1 53
+2 53
+1 53
+2 53
+1 53
+1 53
+1 53
+1 15
+1 15
+1 15
-1 38
+1 38
+1 35
+1 163
+2 53
+2 53
+3 53

fl=(3)
fn=(4)
130 1324

fl=(7)
fn=(12)
859 15
-3 25
+7 5
-7 5
cfi=(3)
cfn=(4)
calls=5 130 
* 10
* 5
+11 10
+2 5
-1 5
+3 15
+1 5
+1 10
+7 5
-5 5
-2 5
+3 5
+2 5
+1 5
+1 10
+14 30

fn=(174) check_match.9376
131 707
+1 101
+2 101
-3 101
cfi=(3)
cfn=(4)
calls=101 -1 
* 202
* 101
+1 101
+2 202
+2 303
-2 202
+12 303
+3 370
cfi=(19)
cfn=(54)
calls=28 30 
* 2478
* 56
+5 101
-1 101
+1 101
-1 101
+1 101
+2 196
+19 196
+1 686
+3 99
+43 606
-18 6
+2 6
+1 3
-1 3
+1 3
-1 3
+1 6
-1 6
+4 4
+1 10
-34 588
cfi=(19)
cfn=(54)
calls=98 30 
* 7546
* 294
+36 4

fn=(172) do_lookup_x
82 666
-5 222
+5 333
cfi=(3)
cfn=(4)
calls=111 +48 
* 222
* 222
-5 777
+11 111
+1 111
-1 111
229 333
114 444
-16 111
-3 111
+1 111
+2 222
+3 111
-3 111
+3 111
-3 347
-3 347
+1 347
+2 694
+3 347
-3 347
+3 347
+4 916
+4 916
+4 916
+6 1832
+4 458
225 458
123 458
226 458
123 458
+1 1374
226 458
+4 916
+3 916
-5 458
+5 1374
+4 916
-1 916
+1 458
-1 916
+21 359
+24 718
461 3045
+1 126
cfi=(31)
cfn=(106)
calls=63 288 
* 3577
* 189
+3 1071
+4 10
-1 10
+1 50
281 2
+2 4
+3 853
+17 303
+1 303
+1 101
469 606
290 42
-50 333
-1 222
+2 222
+2 109
+6 109
-6 109
+6 327
+4 363
-7 1100
+2 404
+1 101
-1 202
+1 303
cfn=(174)
calls=101 131 
* 16098
+1 206
+22 218

fn=(170) _dl_lookup_symbol_x
714 333
475 111
714 555
476 222
714 111
cfi=(3)
cfn=(4)
calls=111 130 
* 222
* 222
476 333
+1 111
-1 111
+1 333
-1 333
+1 1374
-1 1374
+1 4122
-1 4122
724 111
-4 111
-4 111
+8 111
-7 222
+7 307
+5 111
+2 111
-2 111
+2 111
-2 111
+6 111
-7 111
+7 111
-7 1110
+15 10
-8 40
+2 2331
cfn=(172)
calls=111 82 
* 54583
+3 222
+26 444
+22 202
+1 707
+26 101
+9 505
+14 303
+3 404
+5 202
+2 666
-80 80
+16 20
+1 20
+54 2

fl=(34) /build/buildd/eglibc-2.19/elf/dl-deps.c
fn=(126) openaux
60 30
+7 5
-3 5
-1 5
+1 5
-1 55
cfi=(22)
cfn=(104)
calls=5 2317 
* 13488
* 10
+5 25

fn=(124) _dl_map_object_deps
147 8
+1 5
-1 1
+14 1
-13 3
+14 2
+6 1
-21 1
cfi=(3)
cfn=(4)
calls=1 -17 
* 2
* 1
+13 1
+1 1
+7 2
+10 1
-30 1
+20 1
+10 5
+1 3
-19 1
+2 2
+6 1
-7 1
+7 3
+10 2
-10 1
+10 4
-16 3
+20 3
+19 1
+2 1
+1 2
-3 1
343 1
189 1
-1 1
343 1
213 1
-4 1
+4 1
+4 4
-4 4
-4 4
+4 4
+4 16
+12 20
+2 6
+6 3
-6 6
+5 3
+1 3
+1 6
+1 6
+3 15
-32 3
+32 6
+50 15
+1 12
-51 312
+1 156
+6 25
cfi=(27)
cfn=(76)
calls=5 45 
* 481
* 10
+2 5
+3 40
cfi=(29) /build/buildd/eglibc-2.19/elf/dl-error.c
cfn=(96) _dl_catch_error
calls=5 -91 
* 13943
+2 5
-2 5
+2 10
+15 5
+2 10
+11 3
-6 6
+10 3
-10 3
+3 3
+1 3
+1 3
+5 3
-4 3
+2 3
+2 9
-2 9
-57 12
-19 2
471 15
+2 9
+3 3
-1 6
cfi=(17)
cfn=(40)
calls=3 93 
* 147
* 3
+2 3
-2 3
+2 3
+3 3
+1 3
-1 3
+1 21
cfi=(18)
cfn=(46)
calls=3 40 
* 84
+1 18
cfi=(18)
cfn=(46)
calls=3 40 
* 84
+3 3
+1 3
-1 3
+5 30
+3 12
-1 5
+1 10
202 22
+15 15
+1 25
+2 3
+2 9
+2 30
497 6
+1 2
+3 5
+11 2
-1 2
cfi=(17)
cfn=(40)
calls=1 93 
* 49
* 1
+3 1
-3 1
+3 1
+5 1
+3 1
-3 1
+3 1
-3 3
+1 1
+4 20
+4 20
-6 5
+10 5
-10 10
+13 3
+51 6
+2 4
+42 9
+1 4
cfi=(33)
cfn=(118)
calls=1 48 
* 23
* 4
-2 7
+6 2
+1 5
+6 1
-6 2
+6 2
-13 9
+6 6
+1 15
+6 3
-6 6
+6 15
+2 6
+1 6
-1 6
+1 9
+3 21
-1 30
+23 12
-28 12
+31 16
+3 30
cfi=(33)
cfn=(118)
calls=3 48 
* 73
* 12
-18 1
+25 3
+2 1
+1 1
+1 1
-2 1
+2 2
+7 3
+3 3
+3 6
295 219
623 9
cfi=(18)
cfn=(46)
calls=1 40 
* 31
+2 1
-38 1
+38 2

fl=(1) ???
fn=(228) 0x000010c0
0 2

fn=(382) _dl_sysinfo_int80
0 20

fn=(0) 0x000010d0
0 2
cfi=(2)
cfn=(2) _dl_start
calls=1 362 
0 129873
0 2
cfn=(228)
calls=1 0 
0 2
0 17
cfi=(56)
cfn=(232)
calls=1 86 
0 4070
0 3
cob=(6)
cfi=(67)
cfn=(296) 0x080485ed
calls=1 0 
0 87092002585

fl=(48)
fn=(190) mprotect
81 45
+1 5

fn=(224)
81 8
+1 1

fl=(29)
fn=(96)
163 18
cfi=(3)
cfn=(4)
calls=6 -33 
* 12
* 12
+12 12
+3 6
-2 12
+1 12
+1 6
+2 6
cfi=(2)
cfn=(98) _dl_initial_error_catch_tsd
calls=6 795 
* 36
+1 6
-1 12
+2 12
+3 18
-4 6
+4 6
cfi=(30)
cfn=(100)
calls=6 30 
* 66
* 18
+2 18
cfi=(34)
cfn=(126)
calls=5 60 
* 13628
cfi=(2)
cfn=(102) map_doit
calls=1 625 
* 2908
+1 12
+3 6
-3 6
+1 12
+1 12
+1 6
+8 30

fn=(142) _dl_receive_error
205 7
cfi=(3)
cfn=(4)
calls=1 -75 
* 2
* 3
+1 1
cfi=(2)
cfn=(98)
calls=1 795 
* 6
+11 1
-7 1
-4 1
+5 1
+3 1
+1 1
-5 1
+1 1
+6 2
cfi=(2)
cfn=(144) version_check_doit
calls=1 657 
* 6287
+2 1
+1 1
-1 1
+1 1
+1 6

fl=(33)
fn=(118)
48 12
+1 12
+2 12
+1 12
+4 12
+2 12
+1 12
+2 12
+1 12
+1 2
+1 2
+1 2
+1 2
+1 2
+1 2
+1 2
+1 2
+1 2
+3 12
+1 12
+1 12
+2 12
+2 134
+2 12
+1 28
+5 12
+2 12
+7 12

fl=(41) /build/buildd/eglibc-2.19/elf/dl-reloc.c
fn=(164) _dl_relocate_object
154 40
cfi=(3)
cfn=(4)
calls=5 -24 
* 10
* 5
+15 10
+1 25
+6 15
+6 15
-18 10
+22 5
-22 5
+22 5
+7 20
-32 5
+77 20
fi=(6)
103 35
fe=(41)
264 344
-99 55
fi=(5) /build/buildd/eglibc-2.19/elf/do-rel.h
-67 10
fe=(41)
264 5
fi=(5)
47 5
+11 5
-11 5
fe=(41)
264 5
fi=(5)
58 5
fe=(41)
264 5
fi=(5)
47 5
+11 5
-11 5
fe=(41)
264 5
fi=(5)
58 5
+3 4
fi=(6)
401 8
fi=(5)
61 8
fi=(6)
661 4
-1 8
+1 4
-1 4
+3 8
-2 38
-1 76
+1 38
-1 38
+3 76
+2 136
+1 34
fi=(5)
61 166
fe=(41)
264 305
fi=(6)
610 10
fi=(5)
47 5
+51 5
-52 5
+1 5
+37 5
+14 5
-14 5
-1 5
+3 5
-3 5
+3 15
+12 5
-51 5
+51 5
-52 5
+1 5
+37 5
+14 5
-14 5
-1 5
+3 5
-3 5
+3 15
+12 5
+10 32
+10 40
+3 8
+3 8
-3 8
+3 8
fi=(6)
511 10
fe=(41)
264 30
+3 15
+28 5
+3 5
-3 5
+3 10
+17 20
+1 10
cfn=(188) _dl_protect_relro
calls=5 +6 
* 210
* 10
+1 30
183 15
fi=(6)
-74 8
+4 12
+13 4
-8 4
+8 4
-8 4
+8 4
+13 12
fi=(5)
-55 12
-1 12
+3 12
+12 18
+7 12
+6 6
+1 6
fi=(6)
639 15
fi=(5)
112 2512
fi=(6)
639 2512
fi=(5)
111 1259
fi=(6)
640 1259
fi=(5)
111 2518
+7 24
+3 10
+3 15
fi=(6)
465 12
fi=(5)
136 4
+3 4
-3 8
+3 4
-1 4
-2 8
+2 4
-2 4
+1 8
+2 4
-1 4
fi=(6)
308 4
+3 4
fi=(5)
137 8
fi=(6)
311 4
fi=(5)
136 109
+3 109
-3 218
+3 109
-1 109
-2 218
+2 109
-2 109
+1 218
+2 109
-1 109
fi=(6)
308 109
+3 109
fi=(5)
137 218
fi=(6)
311 109
+17 226
+9 2828
fi=(5)
137 89
fi=(6)
337 267
fi=(5)
138 89
fi=(6)
337 380
fi=(5)
137 6
fi=(6)
337 18
fi=(5)
138 6
fi=(6)
337 1734
cfi=(7)
cfn=(170)
calls=95 714 
* 64743
* 570
+1 414
+3 428
+6 565
fi=(5)
124 456
fi=(6)
370 6
+1 12
+67 33
+2 44
+1 77
-84 270
+91 27
337 39
+1 6
+2 12
fe=(41)
-76 131
fi=(6)
465 2
fi=(5)
160 4
+11 3
-1 1
+1 1
-1 1
fi=(6)
308 1
fi=(5)
170 3
fi=(6)
311 3
fi=(5)
171 12
-1 4
+1 4
-1 4
fi=(6)
308 4
fi=(5)
170 12
fi=(6)
311 12
+17 10
+9 205
cfi=(7)
cfn=(170)
calls=5 714 
* 3028
* 30
+1 13
+3 4
+6 25
fi=(5)
160 21
fi=(6)
340 4
-2 4
+2 4
fe=(41)
-76 3
fi=(6)
+93 20
fi=(5)
111 24
+49 8
fi=(6)
502 20
fe=(41)
264 35
fi=(6)
671 16
337 135
718 16
+2 8
+1 8
-1 16
+1 16
+1 8
cob=(4)
cfi=(55)
cfn=(216)
calls=1 25 
* 25
cob=(4)
cfi=(54)
cfn=(214)
calls=1 25 
* 25
cob=(4)
cfi=(53)
cfn=(212)
calls=1 25 
* 25
cob=(4)
cfi=(49)
cfn=(194)
calls=1 25 
* 1201
cob=(3)
cfi=(47) /build/buildd/eglibc-2.19/wcsmbs/../sysdeps/i386/i686/multiarch/wcslen.S
cfn=(186) wcslen
calls=1 28 
* 13
cob=(3)
cfi=(46) /build/buildd/eglibc-2.19/string/../sysdeps/i386/i686/multiarch/memrchr.S
cfn=(184) memrchr
calls=1 36 
* 14
cob=(3)
cfi=(45) /build/buildd/eglibc-2.19/string/../sysdeps/i386/i686/multiarch/strncase.S
cfn=(182) strncasecmp
calls=1 27 
* 15
cob=(3)
cfi=(42) /build/buildd/eglibc-2.19/string/../sysdeps/i386/i686/multiarch/strnlen.S
cfn=(176) strnlen
calls=1 28 
* 105
+1 16
fe=(41)

fn=(188)
322 30
cfi=(3)
cfn=(4)
calls=5 130 
* 10
* 10
+1 10
+1 10
-1 10
+2 10
+3 10
+1 25
cfi=(48)
cfn=(190)
calls=5 81 
* 50
* 10
+6 25

fl=(52)
fn=(206)
66 77
+3 11
-3 11
cfi=(3)
cfn=(4)
calls=11 +64 
* 22
* 11
+3 22
+3 22
+1 110
+1 33
+5 11
-5 11
+5 11
+4 33
+4 33
+4 30
+1 30
+2 40
+7 33
-1 11
+11 154
cfi=(7)
cfn=(170)
calls=11 714 
* 10031
* 22
+4 33
+10 77
+16 44
+4 33
fi=(6)
274 22
fe=(52)
149 77
-64 2

fl=(2)
fn=(26)
891 6
cfi=(3)
cfn=(4)
calls=1 130 
* 2
* 2
2488 1
-1 1
910 2
+3 2
+4 2
+1 2
+5 2
2485 1
+7 1
-7 1
+7 7
2650 2
2494 2
cfi=(13)
cfn=(28)
calls=1 30 
* 82
* 4
cfi=(13)
cfn=(28)
calls=2 30 
* 395
* 9
+4 50
+1 19
-1 57
+3 4
+6 12
2660 3
+33 3
933 4
1132 7
cfi=(15)
cfn=(32)
calls=1 61 
* 284
* 1
+2 1
-2 1
+2 1
+1 1
+6 1
-6 1
+2 1
-2 1
+1 1
+1 1
-1 1
+1 1
+4 2
cfi=(15)
cfn=(48)
calls=1 32 
* 47
+1 2
900 1
1163 1
+8 1
-3 1
+3 3
-8 1
+1 1
+2 1
+5 2
+56 1
-34 2
+21 1
897 1
1214 1
+13 4
-55 24
-1 27
+1 47
-1 3
1274 4
+3 2
+2 2
+2 3
+13 3
+1 9
cfi=(19)
cfn=(54)
calls=1 30 
* 9
* 3
+7 1
+3 1
-5 1
+3 1
+2 2
+1 2
+4 2
+2 3
fi=(4)
29 2
+9 2
+4 1
+2 1
+7 1
-7 2
+8 12
+10 3
-18 9
+8 20
+10 20
-18 60
+18 1
-18 3
+2 48
+5 16
+2 4
+16 4
+38 4
+7 3
+5 4
+4 4
+1 3
+12 4
+14 4
+18 4
fe=(2)
1317 2
cfi=(7)
cfn=(12)
calls=1 859 
* 37
+3 2
fi=(20) /build/buildd/eglibc-2.19/elf/setup-vdso.h
24 3
fe=(2)
1342 6
1176 3
+1 1
+90 2
+1 2
+1 1
-6 2
+1 1
-37 8
-1 6
+2 4
+1 1
+3 2
+1 2
-1 2
+1 2
+1 2
+1 6
+1 2
-43 1
-2 2
+27 1
-25 1
+7 1
-10 1
+10 2
-19 3
+1 1
fi=(4)
56 4
+3 4
+2 3
fe=(2)
2583 5
cfi=(14)
cfn=(30)
calls=1 46 
* 35
* 2
+2 3
-55 5
cfi=(14)
cfn=(30)
calls=1 46 
* 30
* 2
+7 5
cfi=(14)
cfn=(30)
calls=1 46 
* 36
* 2
+2 3
fi=(4)
114 2
fe=(2)
1347 2
cfi=(22)
cfn=(64)
calls=1 714 
* 4582
+3 3
cfi=(28)
cfn=(90)
calls=1 47 
* 22
* 1
+2 1
+5 3
+3 3
+1 1
+1 1
+2 1
-3 3
+1 2
+3 2
+5 1
-7 1
+7 1
+1 6
+4 1
+2 1
+2 1
-2 1
+8 2
-7 1
+7 1
-6 1
+5 2
+1 6
+2 2
+1 2
+5 3
+5 3
906 1
1579 4
+3 2
+4 3
+5 2
+1 1
cfi=(28)
cfn=(92)
calls=1 74 
* 1
+5 3
+15 4
+4 3
+31 5
cfi=(24)
cfn=(68)
calls=1 81 
* 16
* 2
+77 4
+17 1
+1 2
-1 2
+1 9
cfi=(34)
cfn=(124)
calls=1 147 
* 16641
* 1
+1 1
+5 1
-3 4
+3 5
+1 3
-1 2
+1 12
-1 8
+4 3
+1 3
+1 1
+2 2
+1 5
-1 2
+1 9
-1 9
-28 4
+1 1
-1 3
+4 2
+1 1
+1 2
+1 2
1521 1
1770 1
-1 1
+1 1
-1 1
+1 1
+2 1
+2 3
+2 1
-4 1
+5 1
-1 2
+14 2
+1 2
+1 3
+11 5
+1 1
+1 1
-1 1
+1 5
cfi=(29)
cfn=(142)
calls=1 205 
* 6326
+11 1
-1 1
+1 1
-1 1
+1 1
+1 1
cfn=(152) init_tls
calls=1 717 
* 776
* 1
+2 3
+3 1
cfn=(160) security_init
calls=1 851 
* 28
+2 3
2054 4
+56 2
+4 1
-4 1
+11 1
-11 1
+4 3
+4 2
+3 1
+8 3
+46 5
+7 1
+2 2
+1 1
-1 1
+1 2
+1 5
+2 15
+5 10
+2 10
+6 5
+2 10
+1 44
cfi=(41)
cfn=(164)
calls=4 154 
* 85961
+4 27
-22 19
+25 1
+2 3
+6 1
-6 1
+6 2
+5 5
+1 1
+5 2
cfi=(38)
cfn=(218)
calls=1 376 
* 144
+4 2
+14 3
+2 3
+29 1
cfi=(8)
cfn=(220)
calls=1 256 
* 1
+4 3
+20 3
cfi=(28)
cfn=(90)
calls=1 47 
* 15
+1 1
+1 1
cfi=(28)
cfn=(92)
calls=1 74 
* 1
+5 1
cfi=(36)
cfn=(222)
calls=1 308 
* 27
+5 6
2209 2
cfi=(38)
cfn=(192)
calls=1 831 
* 29
* 1
-12 1
+1 1
-3 2
+55 2
+15 3
+2 1
+1 8
cfi=(41)
cfn=(164)
calls=1 154 
* 7397
+1 1
+2 5
2062 1
899 2
1767 2
1623 2
cfi=(11)
cfn=(22)
calls=1 43 
* 121
* 10
cfi=(18)
cfn=(46)
calls=1 40 
* 39
* 1
+3 5
-12 1
+19 2
-4 4
cfi=(17)
cfn=(80)
calls=1 335 
* 889
* 4
cfi=(17)
cfn=(80)
calls=1 335 
* 26
* 6
+1 2
+1 3
+2 4
cfn=(94) do_preload
calls=1 804 
* 3011
* 2
1336 4
+6 1
cfi=(9)
cfn=(60)
calls=1 45 
* 99
* 2
1635 1
+1 2
+1 3

fn=(50)
837 6
+1 12

fn=(52)
843 6
+1 12

fn=(2)
362 7
cfi=(3)
cfn=(4)
calls=1 130 
* 2
* 2
+18 2
fi=(4)
44 1
+7 1
fe=(2)
380 1
fi=(6)
59 3
fi=(4)
-15 1
fe=(2)
409 1
-3 1
fi=(4)
44 1
+8 16
+10 4
-18 12
+8 13
+10 13
-18 39
+18 1
-18 3
+2 36
+5 20
+2 4
+16 2
+20 4
+1 4
+1 4
+1 4
+5 4
+2 4
+1 4
+1 4
+6 3
+3 2
+13 3
+1 3
+4 3
+2 3
+3 3
+1 3
fe=(2)
537 2
285 1
544 1
285 77
+12 2
cfi=(7)
cfn=(12)
calls=1 859 
* 37
+1 2
+1 2
+1 2
+1 2
+21 2
+10 3
-10 1
+4 1
+6 2
cfi=(8)
cfn=(14)
calls=1 86 
* 129071
* 1
+9 1
+3 2
+4 1
-4 2
+4 1
569 7
fi=(4)
56 4
fe=(2)
542 39
fi=(5)
84 1
+27 1
-28 2
+28 2
+1 2
fi=(6)
639 2
fi=(5)
112 20
fi=(6)
639 20
fi=(5)
111 11
fi=(6)
640 11
fi=(5)
111 22
+5 3
+8 3
fi=(6)
409 2
fi=(5)
124 4
+15 2
fi=(6)
338 1
fi=(5)
139 1
-2 2
fi=(6)
308 1
fi=(5)
137 3
fi=(6)
338 2
+3 4
fi=(5)
139 16
fi=(6)
338 8
fi=(5)
139 8
-2 16
fi=(6)
308 8
fi=(5)
137 24
fi=(6)
338 16
+3 32
+6 54
fi=(4)
59 4
+2 3
fi=(5)
+63 28
fi=(6)
357 27
fe=(2)

fn=(152)
717 1
+7 1
-7 3
cfi=(3)
cfn=(4)
calls=1 130 
* 2
* 2
+2 1
+4 1
-4 1
+4 1
+10 4
cfi=(17)
cfn=(36)
calls=1 102 
* 73
* 1
-4 1
+15 1
-12 1
+6 1
-9 1
+11 1
+4 1
+2 1
-1 1
+1 12
+2 10
+4 1
+2 1
-7 10
+9 2
+3 1
cfi=(38)
cfn=(154)
calls=1 112 
* 86
+7 1
cfi=(38)
cfn=(156)
calls=1 328 
* 521
+1 1
-1 1
+1 1
+6 1
+8 1
-8 1
+8 17
+4 1
+2 2
+1 5

fn=(94)
804 7
cfi=(3)
cfn=(4)
calls=1 130 
* 2
* 2
+6 1
+6 3
-5 1
+5 1
-10 1
+6 1
+2 1
+2 2
-2 1
+2 2
cfi=(29)
cfn=(96)
calls=1 163 
* 2971
* 2
+1 3
+8 4
+6 6

fn=(144)
657 1
+2 1
-2 2
cfi=(3)
cfn=(4)
calls=1 130 
* 2
* 3
+2 3
cfi=(39)
cfn=(146)
calls=1 380 
* 6269
* 2
+4 4

fn=(98)
795 7
cfi=(22)
cfn=(70)
calls=7 1512 
* 14
* 7
+3 14

fn=(160)
851 3
cfi=(3)
cfn=(4)
calls=1 130 
* 2
* 2
+2 1
fi=(40) /build/buildd/eglibc-2.19/elf/../sysdeps/unix/sysv/linux/dl-osinfo.h
61 2
+23 2
+2 1
+7 1
fe=(2)
855 1
+6 2
+2 1
fi=(40)
101 2
+11 1
fe=(2)
866 1
+2 1
+6 1
+1 4

fn=(102)
625 1
+2 1
-2 4
+2 7
cfi=(22)
cfn=(104)
calls=1 2317 
* 2890
* 2
+2 3

fl=(35)
fn=(130)
33 16
+2 16
-2 16
cfi=(3)
cfn=(4)
calls=16 +97 
* 32
* 16
+2 112
+6 2
-6 45
+6 30

ob=(2)
fl=(16)
fn=(314) 0x0804843c
0 3
cob=(6)
cfi=(67)
cfn=(312) __x86.get_pc_thunk.bx
calls=1 0 
0 2
0 7

fn=(522)
0 3
cob=(6)
cfi=(67)
cfn=(312)
calls=1 0 
0 2
0 4

fn=(276)
0 3
cob=(4)
cfi=(50)
cfn=(196)
calls=1 66 
0 2
0 7

fn=(580)
0 3
cob=(4)
cfi=(50)
cfn=(196)
calls=1 66 
0 2
0 4

fn=(554)
0 3
cob=(5)
cfi=(57)
cfn=(238) 0x000003e0
calls=1 0 
0 2
0 4

fn=(236)
0 3
cob=(5)
cfi=(57)
cfn=(238)
calls=1 0 
0 2
0 7

ob=(6)
fl=(71) /home/carlos/Desktop/AP_TP3_MD_Parallel/MD_SEQ/main.c
fn=(484) JGFvalidate
10 4
+1 2
+1 4
+1 7
* 8
+1 5
fi=(113) /usr/include/i386-linux-gnu/bits/stdio2.h
+90 3
fe=(71)
-84 2
fi=(113)
+84 1
cob=(3)
cfi=(114) /build/buildd/eglibc-2.19/libio/ioputs.c
cfn=(492) puts
calls=1 -70 
* 416
cob=(1)
cfi=(51)
cfn=(204)
calls=1 -76 
* 917
* 5
fe=(71)

fn=(330) main
22 1
+1 1
-1 6
+6 1
-4 7
+4 1
+2 1
+5 1
-5 2
+1 1
-1 3
cfi=(72) /home/carlos/Desktop/AP_TP3_MD_Parallel/MD_SEQ/MD.c
cfn=(332) initialiseMD
calls=1 -18 
* 956
+1 4
cfi=(72)
cfn=(346) createParticules
calls=1 +15 
* 74622
+1 3
cfi=(72)
cfn=(384) initialiseParticles
calls=1 143 
* 3195060
+1 3
cfi=(72)
cfn=(402) runiters
calls=1 216 
* 87088724463
+2 83
cfn=(484)
calls=1 -25 
* 1374
+3 7

fl=(112) /home/carlos/Desktop/AP_TP3_MD_Parallel/MD_SEQ/Particle.c
fn=(480) mkekin
114 2197000
+2 439400
-2 878800
+2 878800
+1 439400
+1 439400
+2 439400
-4 878800
+1 439400
-1 439400
+2 439400
+2 439400
-4 439400
+1 1318200
+1 878800
+2 878800
+1 439400
-1 439400
+1 1318200
+1 439400
-1 439400
+1 1318200
+2 439400
+1 878800
-1 878800
+1 439400
-1 878800
+2 439400
-1 439400
-1 878800
+3 2197000

fn=(476) domove
11 2636400
+1 439400
-1 439400
+1 1757600
+1 439400
-1 439400
+1 439400
-1 2197000
+1 1757600
-1 439400
+1 878800
-1 439400
+1 878800
+1 878800
-1 439400
+1 1318200
-1 439400
+1 1757600
+2 1757600
+1 1323778
+1 1757600
+1 1323934
+1 1757600
+1 1760454
+2 873092
+1 873092
-1 873092
+1 1309638
+1 1309638
+2 1746184
+1 2619276
-5 5708
+1 5708
-1 5708
+1 8562
+1 8562
+2 11416
+1 17124
-12 8727
+4 7815
-2 8184

fn=(478) force
69 2636400
+1 439400
-1 878800
+1 439400
+10 439400
-39 439400
+1 439400
-1 878800
+2 439400
+27 1757600
-29 878800
+1 878800
+1 439400
+37 878800
-37 439400
+37 2196850
-49 7620322830
+49 5712935535
-33 5791511700
+1 3861007800
+1 5791511700
+2 6405064108
+1 6201705662
+1 6309034242
+1 6296849600
+1 6301911272
+1 4117278623
+2 2050166584
+25 768812469
-25 13393864616
+25 5022699231
-52 26192055
+71 26192055
-71 26192055
+1 52384110
+2 52384110
+1 104768220
+1 104768220
+50 26192055
+1 78576165
+1 26192055
+1 78576165
+1 26192055
+1 104768220
+11 78576165
+1 78576165
+1 52384110
-24 26192055
-47 52384110
+77 26192055
-30 26192055
+28 78576165
-71 78576165
+72 78576165
-29 27076527
-17 1300734
+2 433578
-2 1300734
+1 2167890
+1 1300734
+33 2601468
-35 17466
+2 5822
-2 17466
+1 29110
+1 17466
+33 35282

fl=(72)
fn=(346)
46 3
+1 1
-1 1
+1 3
cob=(3)
cfi=(76) /build/buildd/eglibc-2.19/malloc/malloc.c
cfn=(352) malloc
calls=1 2876 
* 71528
cob=(1)
cfi=(51)
cfn=(204)
calls=1 -19 
* 948
* 5
* 1
+1 2
cob=(3)
cfi=(76)
cfn=(352)
calls=1 2876 
* 184
* 1
* 1
+1 2
cob=(3)
cfi=(76)
cfn=(352)
calls=1 2876 
* 340
* 1
* 1
+1 2
cob=(3)
cfi=(76)
cfn=(352)
calls=1 2876 
* 184
* 1
* 1
+1 2
cob=(3)
cfi=(76)
cfn=(352)
calls=1 2876 
* 340
* 1
* 1
+1 2
cob=(3)
cfi=(76)
cfn=(352)
calls=1 2876 
* 184
* 1
* 1
+1 2
cob=(3)
cfi=(76)
cfn=(352)
calls=1 2876 
* 340
* 1
* 1
+1 2
cob=(3)
cfi=(76)
cfn=(352)
calls=1 2876 
* 184
* 1
* 1
+1 2
cob=(3)
cfi=(76)
cfn=(352)
calls=1 2876 
* 340
* 1
* 1
+1 4

fn=(384)
143 6
+1 1
-79 1
-4 4
+83 1
-82 12
+3 46
+78 60
-78 32
+78 720
-78 216
+1 216
+1 120
+1 72
+1 24
-1 48
+75 8424
-78 2808
+1 2808
+1 1560
+1 936
+1 312
-1 624
+1 936
-5 312
+1 36504
+1 36504
+1 20280
+1 12168
+1 4056
-1 8112
+1 12168
-5 12168
+1 10
+1 18
+1 10
+1 6
+1 2
-1 4
+1 6
-5 6
+5 72
-5 1372
-1 1378
-1 108
-1 8
+86 7
cfn=(386) particleGenerate2
calls=1 -73 
* 197016
-46 5
cfi=(85) /home/carlos/Desktop/AP_TP3_MD_Parallel/MD_SEQ/Random.c
cfn=(388) new_Random
calls=1 -93 
* 207
* 1
+2 2
-11 4
+1 2
cfi=(85)
cfn=(390) seed
calls=1 -53 
* 962
* 8786
cfi=(85)
cfn=(390)
calls=4393 -53 
* 746588
-1 4394
+1 4394
+1 8788
+1 13182
-3 13182
+12 1
-12 1
+12 1
-12 2
+1 2
cfi=(85)
cfn=(390)
calls=1 -53 
* 146
* 8786
cfi=(85)
cfn=(390)
calls=4393 -53 
* 754778
-1 4394
+1 4394
+1 8788
+1 13182
-3 13182
+13 1
-13 2
+13 1
-13 1
+1 8788
cfi=(85)
cfn=(390)
calls=4394 -53 
* 754384
* 4394
+1 8788
+1 13182
-3 13182
+57 4
cfn=(400) velocityXYZEscalar
calls=1 -25 
* 421891
+1 6

fn=(400)
124 7
-12 1
+16 1
-16 5
-2 3
+3 2
-1 2
+1 17574
-1 17574
+3 3
+10 2
-7 4
-1 1
+2 2
-2 1
+1 35148
-1 8787
+2 17574
-2 8790
-7 2
+19 2
-16 2
-1 2
+1 17574
-1 17574
+3 3
+3 4
-1 1
+2 2
-2 1
+1 35148
-1 8787
+2 17574
-2 8789
-7 2
+20 2
-17 2
-1 2
+1 17574
-1 17574
+3 3
+3 4
-1 1
+2 2
-2 1
+1 35148
-1 8787
+2 17574
-2 8788
+16 2
+1 9
+2 1
-2 1
+2 8793
+1 17574
+1 26361
+1 26361
-3 26361
+1 2
+1 3
+1 3
-3 4
+5 6

fn=(482) scale_temperature
188 250
+2 245
+12 245
-11 8
+3 1
-3 1
+3 8795
+1 17574
+1 26361
+1 26361
-3 26361
+1 2
+1 3
+1 3
-3 4
+6 3
+2 5

fn=(386)
74 7
+4 1
+3 3
-3 70
+2 2
+1 4
-7 6
+7 18
+1 18
+1 6
-5 24
+2 24
+1 48
-7 72
+7 216
+1 216
+1 72
-3 24
+3 144
+1 168
+1 96
+1 48
-6 72
+1 312
-7 936
+7 2808
+1 2808
+1 936
-3 312
+3 1872
+1 2184
+1 1248
+1 624
-6 936
+1 36504
+1 36504
+1 12168
-3 4056
+3 24336
+1 28392
+1 16224
+1 8112
-6 12170
+3 12
+1 14
+1 8
+1 4
-6 344
-1 1014
+1 676
-2 78
+1 54
-2 5
+11 6

fn=(332)
12 3
+3 1
-3 1
+19 1
-16 1
+1 2
+1 2
+1 2
+1 2
+1 2
+1 2
-8 1
+1 1
+9 1
+4 1
+1 1
+1 1
+1 1
+1 1
-9 1
+10 1
-8 2
+8 1
-7 2
+1 3
+5 1
+1 1
+1 1
+1 1
-2 2
+2 6
cob=(4)
cfi=(73)
cfn=(338)
calls=1 -8 
* 105
cob=(1)
cfi=(51)
cfn=(204)
calls=1 -6 
* 759
* 5
* 1
+1 5
+1 2
+1 4
+1 3
+1 3
+1 2
+1 4
+1 9
+1 2
+1 3

fn=(402)
216 7
fi=(113)
104 7
cob=(3)
cfi=(88) /build/buildd/eglibc-2.19/debug/printf_chk.c
cfn=(408) __printf_chk
calls=1 -78 
* 6890
cob=(1)
cfi=(51)
cfn=(204)
calls=1 -76 
* 1044
* 5
fe=(72)
220 6
-65 250
+1 50
-1 50
+1 200
cfi=(112)
cfn=(476)
calls=50 11 
* 4250
* 439350
-1 439350
+1 1757400
cfi=(112)
cfn=(476)
calls=439350 11 
* 37383642
-1 1318200
+7 50
+2 50
-2 100
+2 150
+1 50
-1 50
+1 150
cfi=(112)
cfn=(478)
calls=50 -96 
* 20448523
* 439350
-1 439350
+1 1318050
cfi=(112)
cfn=(478)
calls=439350 -96 
* 86984634526
-1 1318200
+6 50
+1 50
-1 50
+1 150
+1 50
-1 50
+1 250
cfi=(112)
cfn=(480)
calls=50 -58 
* 2700
* 439350
-1 439350
+1 2196750
cfi=(112)
cfn=(480)
calls=439350 -58 
* 23724900
-1 1318250
+10 50
-8 50
+6 100
+1 150
+1 150
+1 8788000
-1 878800
+1 439400
-1 439400
+3 100
+42 150
cfn=(482)
calls=50 -38 
* 106222
-21 350
+1 20
+1 15
+1 10
+1 15
+1 45
+1 15
+1 15
+8 150
+9 6

fl=(67)
fn=(512)
0 6
cfn=(516) 0x08048620
calls=1 0 
0 5
0 3

fn=(312)
0 6

fn=(320) 0x080486b0
0 13

fn=(516)
0 5

fn=(296)
0 13
cob=(3)
cfi=(68) /build/buildd/eglibc-2.19/csu/libc-start.c
cfn=(304) (below main)
calls=1 133 
0 87092001423
cob=(1)
cfi=(51)
cfn=(204)
calls=1 28 
0 1144
0 5

fn=(310) __libc_csu_init
0 6
cfn=(312)
calls=1 0 
0 2
0 5
cob=(2)
cfi=(16)
cfn=(314)
calls=1 0 
0 12
0 12
cfn=(320)
calls=1 0 
0 13
0 9

fl=(85)
fn=(388)
8 4
+2 1
-2 1
+2 1
cob=(3)
cfi=(76)
cfn=(352)
calls=1 2876 
* 191
* 1
+1 1
+1 2
+1 1
-2 1
+2 1
+2 2

fn=(390)
40 641453
-16 151785
+26 11052
-26 691471
+24 16865
+2 84325
-26 38
+24 1
+2 105461
+2 39546
cob=(4)
cfi=(86)
cfn=(396)
calls=13182 -25 
* 329550
cob=(1)
cfi=(51)
cfn=(204)
calls=1 -24 
* 759
* 13186
* 105456
+2 65910

ob=(3)
fl=(77) /build/buildd/eglibc-2.19/malloc/hooks.c
fn=(354) malloc_hook_ini
29 3
cfi=(43) /build/buildd/eglibc-2.19/string/../sysdeps/i386/i686/multiarch/strcat.S
cfn=(178) 0x0012694b
calls=1 +26 
* 2
* 3
+1 2
fi=(78) /build/buildd/eglibc-2.19/malloc/arena.c
373 3
fe=(77)
32 1
cfi=(78)
cfn=(356) ptmalloc_init.part.6
calls=1 371 
* 70377
* 1
+1 3
-1 1
cfi=(76)
cfn=(353) malloc'2
calls=1 2876 
* 1111

fl=(117) /build/buildd/eglibc-2.19/stdlib/cxa_thread_atexit_impl.c
fn=(500) __call_tls_dtors
82 5
cfi=(43)
cfn=(178)
calls=1 -27 
* 2
* 1
+1 1
-1 1
+1 2
cob=(1)
cfi=(38)
cfn=(506)
calls=1 769 
* 19
cob=(1)
cfi=(51)
cfn=(204)
calls=1 -55 
* 1221
* 5
* 2
+3 1
-3 3
+18 6

fl=(43)
fn=(178)
55 326

fl=(120) /build/buildd/eglibc-2.19/nptl/../nptl/sysdeps/unix/sysv/linux/unregister-atfork.c
fn=(542) __unregister_atfork
28 12
cfi=(43)
cfn=(178)
calls=2 +27 
* 4
* 6
+8 2
+3 4
+1 4
+5 2
-6 4
+82 12

fl=(62)
fn=(264)
77 3
cfi=(43)
cfn=(178)
calls=1 -22 
* 2
* 1
+1 3
+13 3

fl=(110) /build/buildd/eglibc-2.19/io/../sysdeps/unix/syscall-template.S
fn=(472) __write_nocancel
81 12
cob=(1)
cfi=(1)
cfn=(382)
calls=2 -81 
* 4
* 8

fn=(470) write
81 4
cfn=(472)
calls=2 * 
* 24

fl=(103) /build/buildd/eglibc-2.19/stdlib/../sysdeps/i386/rshift.S
fn=(448) __mpn_rshift
31 2
+2 2
+2 2
+3 2
+2 2
+2 2
+1 2
+1 2
+1 2
+1 2
+2 2
+3 2
+1 2
+1 2
+1 2
+1 2
+2 2
+1 2
+1 4
+3 2
+1 2
+1 2
+1 2
+1 2
+1 2
+1 2
+1 2
+1 2
+2 2
+1 2
+2 2
+3 2
+3 2
+3 2
+4 2

fl=(114)
fn=(492)
34 6
cfi=(43)
cfn=(178)
calls=1 +21 
* 2
* 1
+2 3
cfi=(108) /build/buildd/eglibc-2.19/string/../sysdeps/i386/i686/multiarch/../../i586/strlen.S
cfn=(460) __GI_strlen
calls=1 +7 
* 37
+1 2
-1 1
+1 19
+2 3
+1 10
+1 6
cfi=(91) /build/buildd/eglibc-2.19/libio/fileops.c
cfn=(414) _IO_file_xsputn@@GLIBC_2.1
calls=1 1281 
* 113
* 2
+1 4
+1 3
fi=(115) /build/buildd/eglibc-2.19/libio/libioP.h
904 2
+1 8
fe=(114)
47 7
-5 3
cfi=(92) /build/buildd/eglibc-2.19/libio/genops.c
cfn=(464) __overflow
calls=1 239 
* 182
* 2

fl=(93) /build/buildd/eglibc-2.19/libio/filedoalloc.c
fn=(420) _IO_file_doallocate
96 7
cfi=(43)
cfn=(178)
calls=1 -41 
* 2
* 1
+15 9
cfi=(91)
cfn=(422) _IO_file_stat
calls=1 1222 
* 27
* 2
+2 4
+11 3
+4 7
cfi=(95) /build/buildd/eglibc-2.19/misc/../sysdeps/unix/sysv/linux/i386/mmap.S
cfn=(426) mmap
calls=1 -99 
* 25
* 2
+1 6
cfi=(92)
cfn=(428) _IO_setb
calls=1 399 
* 25
+1 1
+1 6
-13 2
fi=(122) /build/buildd/eglibc-2.19/libio/../sysdeps/unix/sysv/linux/sys/sysmacros.h
-77 5
fe=(93)
+77 1
-2 2
+8 1
-3 1
+3 2

fl=(96) /build/buildd/eglibc-2.19/stdio-common/printf_fp.c
fn=(434) __printf_fp
161 12
+54 2
-54 2
cfi=(43)
cfn=(178)
calls=2 55 
* 4
* 2
+33 2
+2 2
+19 12
+59 6
+2 16
+1 4
+23 10
+42 2
176 2
-1 2
351 2
-2 2
+2 2
-2 2
+47 2
+4 6
cfi=(97) /build/buildd/eglibc-2.19/math/../sysdeps/ieee754/dbl-64/s_isnan.c
cfn=(436) isnan
calls=2 28 
* 32
* 6
1264 12
415 6
cfi=(98) /build/buildd/eglibc-2.19/math/../sysdeps/ieee754/dbl-64/s_isinf.c
cfn=(438) isinf
calls=2 21 
* 36
* 6
+56 2
+12 2
-12 12
+1 2
+3 8
+1 2
-1 6
+1 2
+1 4
-1 2
+1 2
+7 2
-8 2
+1 2
+7 2
+9 4
+15 6
+41 1
-41 4
+41 2
-7 1
+1 1
+1 2
-1 7
cfi=(101) /build/buildd/eglibc-2.19/string/../sysdeps/i386/i686/multiarch/../memcpy.S
cfn=(444) __GI_memcpy
calls=1 40 
* 29
* 1
+15 3
+9 13
+2 38
-56 12
+4 60
-4 1
+4 5
+2 2
-88 18
cfi=(99) /build/buildd/eglibc-2.19/stdlib/../sysdeps/ieee754/dbl-64/dbl2mpn.c
cfn=(440) __mpn_extract_double
calls=2 33 
* 68
+4 6
-4 2
+4 4
+68 6
-2 11
cfi=(100) /build/buildd/eglibc-2.19/stdlib/../sysdeps/i386/lshift.S
cfn=(442) __mpn_lshift
calls=1 31 
* 28
+3 4
-3 1
+3 4
+1 1
-1 1
+1 1
+1 8
+52 7
cfi=(102) /build/buildd/eglibc-2.19/stdlib/cmp.c
cfn=(446) __mpn_cmp
calls=1 38 
* 18
* 4
+3 8
cfi=(101)
cfn=(444)
calls=1 40 
* 29
+1 3
+1 4
+1 1
-1 1
+1 4
+6 1
+6 2
-6 1
+6 1
+4 9
+35 7
+16 9
cfi=(103)
cfn=(448)
calls=1 31 
* 36
+2 1
+1 1
-1 2
+1 9
cfi=(103)
cfn=(448)
calls=1 31 
* 36
+2 8
+14 1
828 1
+10 2
-10 1
+10 1
-10 1
+10 3
+2 2
-2 1
+2 1
-12 1
+10 2
-10 1
+10 1
-10 1
+10 3
+2 2
-2 1
+2 1
+10 4
+48 2
-61 2
+61 4
+15 6
-1 8
+7 4
fi=(123) /build/buildd/eglibc-2.19/stdio-common/../nptl/sysdeps/pthread/allocalim.h
28 4
fe=(96)
929 12
-9 2
+10 6
+3 8
+3 14
+3 2
-1 2
+1 2
cfn=(450) hack_digit.13386
calls=2 231 
* 246
* 1
-1 1
+1 1
cfn=(450)
calls=1 231 
* 178
-3 3
+3 3
-3 11
+6 6
+1 6
+2 4
-4 2
+4 4
+12 2
+1 4
+1 42
+1 4
+3 12
-1 12
+2 12
-1 12
cfn=(450)
calls=12 231 
* 1476
* 12
+1 24
+2 12
+9 8
+1 4
cfn=(450)
calls=2 231 
* 246
+2 2
-2 2
+2 4
+1 2
-1 2
+2 4
+3 1
-4 1
+4 2
+5 1
-1 2
+1 19
fi=(106) /build/buildd/eglibc-2.19/stdio-common/../sysdeps/generic/get-rounding-mode.h
93 1
+1 4
-1 1
+1 6
fe=(96)
1094 4
+7 4
+3 6
+13 6
+46 14
+2 12
+2 2
-2 2
+2 14
655 2
822 7
cfi=(100)
cfn=(442)
calls=1 31 
* 28
+1 5
+1 2
208 2
1170 4
+7 10
+9 6
+8 8
+2 6
cfi=(108)
cfn=(460)
calls=2 43 
* 44
* 2
+2 6
+5 2
+1 4
-1 2
+2 6
+11 12
+1 6
+6 10
+3 30
+3 30
-6 51
+1 51
+1 14
cfi=(109) /build/buildd/eglibc-2.19/string/../sysdeps/i386/i686/multiarch/../mempcpy.S
cfn=(462) __GI_mempcpy
calls=2 40 
* 30
* 4
fi=(106)
94 4
fi=(107) /build/buildd/eglibc-2.19/stdio-common/../include/rounding-mode.h
-42 4
fe=(96)
1233 6
-1 2
+18 6
+3 6
+7 8
-88 8
853 2
-1 2
+1 10
+3 6
+2 2
-3 2
-1 2
+4 2
+2 4
-7 2
+5 2
-5 4
1250 8
-76 4
+76 156
1025 2
853 4
623 2
1199 4
580 5
+4 4
+2 2
+26 3
1250 51
cfi=(92)
cfn=(464)
calls=17 239 
* 1088
* 34

fn=(450)
231 85
+3 17
-3 17
cfi=(43)
cfn=(178)
calls=17 55 
* 34
* 17
+3 34
+2 51
+7 27
+20 45
cfi=(105) /build/buildd/eglibc-2.19/stdlib/../sysdeps/i386/mul_1.S
cfn=(454) __mpn_mul_1
calls=9 37 
* 315
+1 18
+1 45
+4 54
-22 90
cfi=(104) /build/buildd/eglibc-2.19/stdlib/divrem.c
cfn=(452) __mpn_divrem
calls=9 56 
* 729
+1 36
+4 9
-4 9
+1 9
+2 9
+1 54
-14 24
+1 8
-1 8
+1 48
cfi=(105)
cfn=(454)
calls=8 37 
* 280
* 8
+30 66

fl=(83) /build/buildd/eglibc-2.19/misc/sbrk.c
fn=(378) sbrk
34 30
cfi=(43)
cfn=(178)
calls=6 +21 
* 12
* 18
+8 39
+4 12
+4 15
+3 20
cfi=(84) /build/buildd/eglibc-2.19/misc/../sysdeps/unix/sysv/linux/i386/brk.c
cfn=(380) brk
calls=5 -20 
* 100
* 10
+4 42
-14 2
cfi=(84)
cfn=(380)
calls=1 -10 
* 20
* 4

fl=(76)
fn=(370) _int_malloc
3302 60
cfi=(43)
cfn=(178)
calls=10 55 
* 20
* 10
+30 10
-30 10
+30 90
+8 10
-8 10
+8 10
+2 2
+2 1
-1 1
-1 1
+1 1
+5 2
+29 10
+2 10
-2 10
+2 2
+1 1
+2 3
3806 70
3421 63
+1 18
+1 2
cfn=(372) malloc_consolidate
calls=1 4104 
* 675
3790 60
+2 230
3462 10
3792 20
3462 10
-20 50
3576 20
+73 20
+2 20
+1 10
-2 10
+3 20
+5 70
+7 9
-3 39
3765 10
+1 30
+2 20
+17 10
3578 18
+3 27
3421 99
3770 5
+3 5
-3 5
+3 10
+2 5
-2 5
-2 5
+2 15
-1 5
+6 5
-5 5
1862 5
3775 5
1862 10
2271 30
+11 15
+78 10
+9 5
-9 5
+9 33
+6 12
+3 20
2700 10
+1 5
+5 10
+3 10
+2 15
+3 10
-2 5
+1 5
+4 5
-3 15
+1 5
-1 15
+1 10
3801 10
1862 15
3766 5
-1 5
2272 10
2433 10
+19 5
-19 5
+9 25
+10 20
+8 5
-8 10
+8 5
+2 20
cfi=(82) /build/buildd/eglibc-2.19/malloc/morecore.c
cfn=(376) __default_morecore
calls=5 46 
* 343
+4 10
-4 5
+4 5
+3 10
+1 10
+19 5
+27 15
+1 1
+1 2
+6 1
-6 1
+6 1
-6 8
+6 4
-6 4
+6 12
+1 28
-32 2
+34 7
+36 2
+6 3
+19 1
+4 1
-1 2
+1 4
+2 1
-2 2
+2 1
+1 4
cfi=(82)
cfn=(376)
calls=1 46 
* 35
+12 2
+8 2
+1 3
+38 1
+2 1
-1 3
-1 1
+1 1
+12 1
-11 1
+11 2
-98 3
2369 3

fn=(372)
4104 6
cfi=(43)
cfn=(178)
calls=1 55 
* 2
* 2
+22 3
+73 5
-3 1
cfn=(374) malloc_init_state
calls=1 1780 
* 656

fn=(352)
2876 30
cfi=(43)
cfn=(178)
calls=10 55 
* 20
* 20
+5 20
+1 20
+3 27
+2 63
+4 27
cfn=(370)
calls=9 3302 
* 1891
+1 9
-1 9
+1 9
+11 36
+1 81
+3 40
-24 5
cfi=(77)
cfn=(354)
calls=1 29 
* 71507
* 1

fn=(353)
2876 3
cfi=(43)
cfn=(178)
calls=1 55 
* 2
* 2
+5 2
+1 2
+3 3
+2 7
+4 3
cfn=(370)
calls=1 3302 
* 1067
+1 1
-1 1
+1 1
+11 4
+1 9
+3 4

fn=(374)
1780 4
cfi=(43)
cfn=(178)
calls=1 55 
* 2
* 4
+8 3
-3 2
+3 378
-3 252
+7 3
+8 1
-4 1
+3 1
+1 1
-3 2
+3 2

fl=(65)
fn=(274)
41 2
cfi=(43)
cfn=(178)
calls=1 +14 
* 2
* 1
-8 4
+10 2

fl=(116) /build/buildd/eglibc-2.19/stdlib/exit.c
fn=(496) exit
103 2
cfi=(43)
cfn=(178)
calls=1 -48 
* 2
* 2
+1 6
cfn=(498) __run_exit_handlers
calls=1 -69 
* 4599

fn=(498)
35 5
cfi=(43)
cfn=(178)
calls=1 +20 
* 2
* 6
+5 1
cfi=(117)
cfn=(500)
calls=1 +42 
* 1269
* 1
+6 6
+4 3
-4 3
+4 3
+4 1
-1 1
-1 1
+2 4
+33 1
+1 1
-1 1
+1 1
+6 2
+1 5
cfi=(92)
cfn=(584) _IO_cleanup
calls=1 1010 
* 305
* 3
+2 2
cfi=(121) /build/buildd/eglibc-2.19/posix/../sysdeps/unix/sysv/linux/i386/_exit.S
cfn=(594) _Exit
calls=1 -73 
* 3
-17 1
+2 2
-2 2
+2 2
cob=(1)
cfi=(118)
cfn=(508)
calls=1 +49 
* 2961
+1 1

fl=(44)
fn=(180) __init_cpu_features
45 1
+9 1
-9 4
cfi=(43)
cfn=(178)
calls=1 +10 
* 2
* 2
+9 3
+3 1
-3 1
+3 5
+95 2
+1 9
+7 3
+24 2
+6 1
-1 1
+1 1
+2 1
+1 6
-9 4
+1 4
+1 2
31 5
+7 1
-1 1
+1 1
-7 1
+7 1
-1 1
+1 1
+27 1
-28 1
+28 1
-34 1
+8 1
+26 1
-26 1
+27 1
-35 2
+8 1
+27 1
+5 1
-12 1
+12 1
+3 5
+27 1
-42 1
+42 1

fn=(210)
199 8
cfi=(43)
cfn=(178)
calls=4 55 
* 8
* 4
+1 12
+4 12

fl=(82)
fn=(376)
46 6
+1 18
cfi=(83)
cfn=(378)
calls=6 -13 
* 324
+2 18
+3 12

fl=(97)
fn=(436)
28 2
+2 8
+5 2
-3 4
-1 2
+1 2
+1 2
-1 4
+1 2
+1 2
+1 2

fl=(95)
fn=(426)
29 1
+2 1
+2 1
+2 1
+3 1
+2 1
+1 1
+1 1
+2 1
+2 1
+2 1
+1 1
+1 1
+1 1
+2 1
+3 1
cob=(1)
cfi=(1)
cfn=(382)
calls=1 -56 
* 2
+3 1
+3 1
+3 1
+3 1
+5 1
+1 1
+3 1

fl=(99)
fn=(440)
33 8
+2 2
+2 2
-4 2
+2 2
+2 2
-4 2
+4 4
+1 4
+3 2
-3 6
+4 2
+14 2
-14 2
+14 2
-15 2
+1 4
+14 2
+47 4
+4 12

fl=(90) /build/buildd/eglibc-2.19/string/../sysdeps/i386/strchrnul.S
fn=(412) strchrnul
34 3
+4 3
+1 3
+6 3
+1 3
+1 3
+1 3
+13 3
+1 3
+1 2
+1 2
+1 2
+1 2
+1 2
+1 2
+2 2
+1 2
+52 3
+1 3
+2 3
+1 3
+10 3
+4 3
+3 3
+1 3
+4 3
+6 3
+1 3
+1 3
+3 3
+1 2
+1 2
+1 2
+2 2
+2 2
+1 2
+2 2
+1 2
+3 2
+1 2
+1 2
+1 2
+2 2
+1 1
+1 1
+1 1
+3 1
+1 1
+1 1
+1 1
+2 1
+2 1
+1 1
+2 1
+1 1
+3 1
+1 1
+1 1
+1 1
+2 1
+1 1
+1 1
+1 1
+3 1
+1 1
+1 1
+1 1
+2 1
+2 1
+1 1
+2 1
+1 1
+3 1
+1 1
+1 1
+1 1
+2 1
+13 1
+1 1
+1 1
+6 1
+1 1
-7 1
+6 1
+1 1
-1 1
+1 1
+1 2
+1 2
+1 2
+2 2
+1 2
+14 3
+4 3

fl=(104)
fn=(452)
56 54
cfi=(43)
cfn=(178)
calls=9 -1 
* 18
* 18
+3 36
+40 9
+1 9
+1 9
-44 9
+42 9
+1 9
+2 9
-1 9
-2 9
+4 9
+2 18
+6 54
+25 45
-20 45
+1 9
+4 9
-4 18
+4 9
+20 9
-1 45
+1 27
+5 36
+7 9
+4 36
+1 27
-47 27
+49 18
+1 9
+2 9
+81 54

fl=(102)
fn=(446)
38 2
+4 1
-4 2
+4 2
+2 1
+1 1
+1 2
+8 4
+1 3

fl=(98)
fn=(438)
21 2
+2 8
+4 2
-3 8
+1 6
+1 8
+1 2

fl=(63)
fn=(266)
550 5
cfi=(43)
cfn=(178)
calls=1 55 
* 2
* 2
+13 3
+7 2
+2 2
+3 1
-3 1
cfn=(268) handle_intel
calls=1 305 
* 1176
+4 1
-4 1
+4 2
cfn=(268)
calls=1 305 
* 1193
+2 1
-2 1
+2 1
+11 2
+18 4
+7 1
-7 1
+7 3
+9 15
-9 12
+6 4
-6 5
+6 2
+49 4
+75 2
+2 3
+3 2
+1 2
-3 1
+3 1
+1 1
+3 2
+2 1
+1 1
-1 1
+3 1
-3 1
+4 2
+1 1
-1 1
+3 6
-93 5
-45 2
+6 6
+26 3
-75 2
-1 1
+1 1
cfn=(268)
calls=1 305 
* 930
* 2

fn=(268)
305 12
+1 3
-1 3
+1 3
+16 3
-3 6
+1 6
-3 3
+11 6
+12 18
cfn=(270) intel_check_word
calls=3 161 
* 1203
+1 6
+3 15
cfn=(270)
calls=3 161 
* 933
+1 6
+3 15
cfn=(270)
calls=3 161 
* 96
+1 6
+3 15
cfn=(270)
calls=3 161 
* 870
+1 6
-31 4
+6 12
+5 3
-5 9
+5 3
+2 3
+1 3
-1 6
+22 1
+4 1
-4 3
+1 2
+4 15

fn=(270)
161 72
cfi=(43)
cfn=(178)
calls=12 55 
* 24
* 12
+1 12
-1 24
+1 12
+6 96
+2 12
-2 12
+2 51
+2 9
+2 18
-2 21
+2 42
+8 60
+53 66
+21 2
fi=(64) /build/buildd/eglibc-2.19/string/../bits/stdlib-bsearch.h
27 30
+1 120
+3 246
-2 126
+2 126
-2 126
+2 228
fe=(63)
150 114
fi=(64)
32 114
fe=(63)
150 228
fi=(64)
31 82
fe=(63)
150 82
fi=(64)
32 82
fe=(63)
150 164
+3 189
fi=(64)
37 63
-8 63
+8 63
-8 63
fe=(63)
295 26
170 78
-6 10
300 60
-25 28
+14 10
+1 2
+5 2
-5 2
170 8
277 4
+2 4
+2 2
+19 12

fl=(88)
fn=(408)
26 5
cfi=(43)
cfn=(178)
calls=1 +29 
* 2
* 2
+4 18
+1 3
+1 2
+2 1
+1 6
cfi=(89) /build/buildd/eglibc-2.19/stdio-common/vfprintf.c
cfn=(410) vfprintf
calls=1 235 
* 6827
* 1
+3 3
+1 2
fi=(111) /build/buildd/eglibc-2.19/debug/../libio/libioP.h
913 1
+1 2
+1 8
fe=(88)
43 7

fl=(89)
fn=(410)
235 1
+35 1
-35 5
cfi=(43)
cfn=(178)
calls=1 55 
* 2
* 3
+35 1
1295 1
270 3
1295 8
+4 6
+4 2
+1 6
+6 2
+11 2
fi=(124) /build/buildd/eglibc-2.19/stdio-common/printf-parse.h
108 4
cfi=(90)
cfn=(412)
calls=1 -74 
* 45
fe=(89)
1336 2
fi=(124)
108 1
fe=(89)
1332 1
+4 8
+1 5
+3 10
cfi=(91)
cfn=(414)
calls=1 -59 
* 638
* 2
2098 5
+1 3
+2 1
+1 7
1303 4
+41 3
+4 10
283 1
-6 1
-3 1
1325 1
-8 1
240 2
1396 16
-4 2
+1 2
-18 2
+1 2
+1 2
+1 2
+1 2
+1 2
+1 2
+1 2
+1 2
+1 2
+1 2
+3 2
+1 4
+7 12
1680 4
+8 8
fi=(124)
108 6
cfi=(90)
cfn=(412)
calls=2 -74 
* 123
fe=(89)
1692 4
-4 2
+4 18
cfi=(91)
cfn=(414)
calls=2 1281 
* 387
* 2
-10 2
+10 10
2091 2
+2 3
+2 3
1660 128
cfi=(96)
cfn=(434)
calls=2 161 
* 5213
* 20
+32 10
+2 2
-2 2
+2 2
-16 5
-18 12

fl=(58)
fn=(256)
52 5
cfi=(43)
cfn=(178)
calls=1 +3 
* 2
* 5
+6 3
+14 1
-2 1
+1 1
+1 1
+14 4
cfi=(59) /build/buildd/eglibc-2.19/misc/init-misc.c
cfn=(258) __init_misc
calls=1 -56 
* 96
+13 5
-5 1
cfi=(61) /build/buildd/eglibc-2.19/ctype/ctype-info.c
cfn=(262) __ctype_init
calls=1 -65 
* 25
-29 2
-7 1
+7 3

fl=(108)
fn=(460)
43 3
+1 3
+2 3
+2 3
+46 3
+1 3
+2 3
+1 3
+2 3
+1 3
+2 3
+2 3
+2 3
+3 1
+1 1
+2 1
+1 1
+2 1
+1 1
+2 1
+2 1
+2 1
+3 1
+1 1
+2 1
+1 1
+2 1
+1 1
+2 1
+2 1
+2 1
+19 3
+1 3
+2 3
+1 3
+2 2
+1 2
+2 2
+10 3
+3 3

fl=(105)
fn=(454)
37 17
+2 17
+2 17
+2 17
+3 17
+2 17
+2 17
+1 17
+2 17
+1 17
+1 17
+1 34
+4 17
+1 17
+1 17
+1 17
+1 17
+1 17
+2 17
+1 17
-8 17
+1 17
+1 17
+1 17
+1 17
+1 17
+2 17
+1 17
+1 17
+2 17
+3 17
+3 17
+3 17
+4 17

fl=(59)
fn=(258)
30 6
cfi=(43)
cfn=(178)
calls=1 +25 
* 2
* 1
+1 5
+2 3
cfi=(60) /build/buildd/eglibc-2.19/string/../sysdeps/i386/i686/multiarch/../../strrchr.S
cfn=(260) __GI_strrchr
calls=1 * 
* 66
+1 2
+3 3
+1 3
+2 5

fl=(60)
fn=(260)
33 1
+3 1
+3 1
+1 1
+2 1
+6 1
+1 1
+1 1
+1 1
+13 1
+1 1
+1 1
+1 1
+1 1
+2 1
+1 1
+1 1
+2 1
+1 1
+79 1
+1 1
+1 1
+1 1
+1 1
+8 1
+1 1
+1 1
+3 1
+2 1
+1 1
+1 1
+11 1
-13 1
+1 1
+1 1
+11 1
+4 1
+3 1
+1 1
+4 1
+6 1
+2 1
+1 1
+3 1
+1 1
+1 1
+1 1
+2 1
+85 1
+1 1
+2 1
+1 1
+2 1
+1 1
+2 1
+1 1
+2 1
+1 1
+1 1
+2 1
+1 1
+2 1
+1 1
+3 1
+3 1
+4 1

fl=(70) /build/buildd/eglibc-2.19/setjmp/../sysdeps/i386/bsd-_setjmp.S
fn=(328) _setjmp
33 1
+1 1
+3 1
+1 1
+1 1
+1 1
+2 2
+2 1
+1 1
+3 2
+2 1
+1 1
+2 1
+1 1

fl=(101)
fn=(444)
40 2
+1 2
+1 2
+1 2
+2 2
+1 2
+1 2
+1 2
+1 2
+1 2
+2 2
+1 2
+2 2
+1 2
+11 2
+1 2
+1 2
+1 2
+1 8
+2 2
+1 2
+2 2
+2 2
+1 2
+1 2
+2 2

fl=(91)
fn=(592) _IO_file_sync@@GLIBC_2.1
886 5
cfi=(43)
cfn=(178)
calls=1 55 
* 2
* 1
+5 4
+2 1
+1 2
+17 3
+4 4

fn=(588) _IO_file_setbuf@@GLIBC_2.1
461 3
+1 1
-1 1
cfi=(43)
cfn=(178)
calls=1 55 
* 2
* 2
+1 5
cfi=(92)
cfn=(590) _IO_default_setbuf
calls=1 +95 
* 81
* 2
+4 2
-1 2
+2 3
+2 1
+1 4

fn=(416) _IO_file_overflow@@GLIBC_2.1
824 175
cfi=(43)
cfn=(178)
calls=25 55 
* 50
* 50
+1 75
+7 146
+35 50
+3 46
+3 92
+1 69
+1 92
+4 46
+1 150
-45 3
+12 2
+9 4
+4 1
+4 1
-3 2
+2 2
+1 1
-6 1
+1 1
+4 1
+1 3
+1 2
+12 2
-1 2
+1 1
-1 2
cfn=(430) _IO_do_write@@GLIBC_2.1
calls=1 509 
* 109
* 2
-7 2
-1 2
+1 2
-1 6
cfn=(430)
calls=2 509 
* 118
* 2
-31 2
cfi=(92)
cfn=(418) _IO_doallocbuf
calls=1 414 
* 158
+1 6

fn=(414)
1281 4
+7 4
-7 24
cfi=(43)
cfn=(178)
calls=4 55 
* 8
* 8
+6 8
+7 16
+17 4
+4 12
+5 18
cfi=(109)
cfn=(462)
calls=3 40 
* 49
* 3
+5 3
-5 3
+6 9
+2 9
+27 8
+1 24
-45 2
+17 3
+4 10
cfn=(416)
calls=2 824 
* 374
* 4
+6 2
+1 2
-1 2
+1 10
+2 6
+11 4
+1 5
cfi=(92)
cfn=(432) _IO_default_xsputn
calls=1 447 
* 346
* 2
-57 9
+1 6
+3 12
+2 73
-2 48
+4 4

fn=(466) new_do_write
521 12
+2 4
+15 14
cfn=(468) _IO_file_write@@GLIBC_2.1
calls=2 1254 
* 100
* 2
+1 6
+6 2
-4 2
+4 2
-4 6
+1 4
+3 2
-2 2
-5 2
+9 10
-17 2
+3 2
-3 6
+14 4

fn=(422)
1222 1
+1 7
cfi=(94) /build/buildd/eglibc-2.19/io/../sysdeps/unix/sysv/linux/fxstat64.c
cfn=(424) __fxstat64@@GLIBC_2.2
calls=1 33 
* 17
+1 2

fn=(430)
509 3
+2 3
-2 6
+2 14
cfn=(466)
calls=2 +10 
* 184
* 8
+1 9

fn=(468)
1254 8
+2 2
-2 4
+2 8
+11 2
+1 2
-12 4
+5 14
cfi=(110)
cfn=(470)
calls=2 81 
* 28
+1 4
+9 8
+3 16

fl=(78)
fn=(356)
371 6
cfi=(43)
cfn=(178)
calls=1 55 
* 2
* 2
+13 1
-8 1
+8 2
+7 3
+1 1
-1 1
+1 12
cfi=(81) /build/buildd/eglibc-2.19/nptl/../nptl/sysdeps/unix/sysv/linux/register-atfork.c
cfn=(368) __linkin_atfork
calls=1 114 
* 16
+2 6
-58 140
+16 70
-18 213
455 2
+6 2
+1 2
+2 1
+1 6
-80 5
cfi=(79) /build/buildd/eglibc-2.19/elf/dl-addr.c
cfn=(358) _dl_addr
calls=1 126 
* 69871
* 3
+1 5
-49 2
+1 2

fl=(94)
fn=(424)
33 1
+2 1
-2 1
cfi=(43)
cfn=(178)
calls=1 +22 
* 2
* 1
+2 4
cob=(1)
cfi=(1)
cfn=(382)
calls=1 -35 
* 2
* 3
+6 2

fl=(119)
fn=(540)
31 10
cfi=(43)
cfn=(178)
calls=2 +24 
* 4
* 6
+4 8
+4 20
-4 10
+32 8
+4 16
-4 6
+12 4
+1 2
+2 10
-2 2
cfi=(120)
cfn=(542)
calls=2 -52 
* 50

fl=(84)
fn=(380)
33 18
cfi=(43)
cfn=(178)
calls=6 +22 
* 12
* 6
+4 18
cob=(1)
cfi=(1)
cfn=(382)
calls=6 -37 
* 12
* 12
+2 12
+8 6
-6 12
+7 12

fl=(81)
fn=(368)
114 3
cfi=(43)
cfn=(178)
calls=1 -59 
* 2
* 1
+2 2
+1 6
+2 2

fl=(42)
fn=(176)
28 2
cfi=(43)
cfn=(178)
calls=1 +27 
* 2
* 1
+4 1
+1 1
+1 1
cfi=(44)
cfn=(180)
calls=1 +11 
* 91
+1 1
+1 1
+1 1
+1 1
+1 1
+3 1

fl=(61)
fn=(262)
29 1
+2 1
-2 2
cfi=(43)
cfn=(178)
calls=1 +26 
* 2
* 1
+2 7
+2 4
+2 4
+1 3

fl=(45)
fn=(182)
27 2
cfi=(43)
cfn=(178)
calls=1 +28 
* 2
* 1
+4 1
+1 1
+2 1
+1 1
+1 1
+1 1
+1 1
+1 1
+4 1
+3 1

fl=(121)
fn=(594)
24 1
+4 1
+1 1

fl=(109)
fn=(462)
40 5
+1 5
+2 5
+1 5
+2 5
+1 5
+1 5
+1 5
+1 3
+1 3
+1 3
-1 2
+1 2
+1 1
+1 10
+2 5
+2 5
+3 5

fl=(46)
fn=(184)
36 2
cfi=(43)
cfn=(178)
calls=1 +19 
* 2
* 1
+3 1
+1 1
+3 1
+1 1
+1 1
+1 1
+16 1
+1 1
+2 1

fl=(69) /build/buildd/eglibc-2.19/stdlib/cxa_atexit.c
fn=(308) __new_exitfn
73 1
+6 1
-6 1
+6 1
-6 4
cfi=(43)
cfn=(178)
calls=1 -18 
* 2
* 1
+6 4
+2 5
-7 3
+9 3
-2 2
+10 1
-10 2
+45 1
+1 2
+3 4
+3 7
-21 1
+1 2

fn=(306) __cxa_atexit
57 2
cfi=(43)
cfn=(178)
calls=1 -2 
* 2
* 2
-22 3
cfn=(308)
calls=1 +38 
* 48
+2 2
+4 3
+2 1
+1 2
+1 2
+2 1
+1 1
+11 3

fl=(92)
fn=(464)
239 90
cfi=(43)
cfn=(178)
calls=18 55 
* 36
* 18
+2 54
+2 108
cfi=(91)
cfn=(416)
calls=18 824 
* 892
+1 72

fn=(428)
399 10
cfi=(43)
cfn=(178)
calls=2 55 
* 4
* 2
+1 10
+2 4
+1 4
+1 6
+3 2
+1 4
-3 2
+3 4

fn=(432)
447 1
+4 1
-4 4
+3 1
-3 1
cfi=(43)
cfn=(178)
calls=1 55 
* 2
* 3
+3 4
+5 24
+25 52
cfi=(91)
cfn=(416)
calls=5 824 
* 215
* 15
+2 5
-2 5
+3 5
+1 2
+1 6

fn=(586) _IO_flush_all_lockp
822 7
cfi=(43)
cfn=(178)
calls=1 55 
* 2
* 1
+6 3
+6 1
-1 1
-10 1
+12 2
+4 3
-1 1
-1 1
+1 3
-1 2
+1 2
+3 9
+10 6
+4 3
-2 3
+2 6
-20 6
+31 2
+2 3
+4 7
-10 6
-21 9

fn=(590)
557 5
+1 4
cfi=(91)
cfn=(592)
calls=1 886 
* 22
* 2
+2 2
+2 1
+1 7
cfn=(428)
calls=1 399 
* 27
+7 1
+2 1
-2 2
+1 3
+2 4

fn=(418)
414 3
+1 3
+6 3
-4 2
+1 4
cfi=(93)
cfn=(420)
calls=1 96 
* 141
* 2

fn=(584)
1010 5
cfi=(43)
cfn=(178)
calls=1 55 
* 2
* 2
+3 1
-51 1
+51 1
cfn=(586)
calls=1 822 
* 90
-63 2
+63 1
-63 2
+2 9
+2 2
-1 4
+3 4
+6 16
+8 5
+10 6
cfi=(91)
cfn=(588)
calls=1 461 
* 109
+3 2
+7 3
-40 9
+75 7
-53 1
+5 1
-5 1
+2 1
+1 1
-1 1
+2 1
+1 1
-1 1
+1 2
+6 3
+1 8

fl=(100)
fn=(442)
31 2
+2 2
+2 2
+3 2
+2 2
+2 2
+1 2
+1 2
+2 2
+3 2
+1 2
+1 2
+1 2
+1 2
+2 2
+1 2
+8 2
+1 2
+1 2
+1 2
+1 2
+2 2
+1 2
+2 2
+3 2
+3 2
+3 2
+4 2

fl=(47)
fn=(186)
28 2
cfi=(43)
cfn=(178)
calls=1 +27 
* 2
* 1
+4 1
+1 1
+2 1
+1 1
+1 1
+1 1
+1 1
+3 1

fl=(68)
fn=(304)
133 5
cfi=(43)
cfn=(178)
calls=1 -78 
* 2
* 4
+4 4
+82 1
-82 1
+82 1
+1 4
cfi=(69)
cfn=(306)
calls=1 57 
* 72
+22 4
+3 2
+1 8
cob=(6)
cfi=(67)
cfn=(310)
calls=1 0 
* 59
+4 4
+15 2
+9 3
cfi=(70)
cfn=(328)
calls=1 33 
* 16
+1 2
+5 2
+1 2
+3 2
+3 8
cob=(6)
cfi=(71)
cfn=(330)
calls=1 22 
* 87091996600
+34 2
cfi=(116)
cfn=(496)
calls=1 103 
* 4611
137 2

fl=(79)
fn=(358)
126 7
cfi=(43)
cfn=(178)
calls=1 -71 
* 2
* 5
+5 5
cob=(1)
cfi=(2)
cfn=(50)
calls=1 837 
* 3
+2 2
cob=(1)
cfi=(80)
cfn=(366)
calls=1 +45 
* 54
cob=(1)
cfi=(51)
cfn=(204)
calls=1 28 
* 1330
* 5
+2 1
-2 2
+2 1
30 1
+1 1
-1 1
+1 1
+3 2
+5 2
+6 1
-6 1
+6 1
-6 1
-1 1
+2 3
+2 3
+3 1
+5 9
+2 2
+1 2
-1 2020
+1 2020
+2 3644
+6 13168
+2 11905
+1 19684
+7 12916
-21 3033
+49 3
+1 2
+1 3
+3 3
+37 5
cob=(1)
cfi=(2)
cfn=(52)
calls=1 843 
* 3
+3 7
-28 1
+22 1
-22 1
+1 2

ob=(5)
fl=(57)
fn=(238)
0 12

fn=(244)
0 4
cfn=(238)
calls=1 0 
0 2
0 19
cfn=(238)
calls=1 0 
0 2
0 9

fn=(526)
0 4
cfn=(238)
calls=1 0 
0 2
0 10
cob=(3)
cfi=(119)
cfn=(540)
calls=1 31 
0 78
cob=(1)
cfi=(51)
cfn=(204)
calls=1 28 
0 802
0 5
0 1
cfn=(546) 0x000003f0
calls=1 0 
0 17
0 5

fn=(546)
0 4
cfn=(238)
calls=1 0 
0 2
0 11

totals: 87092136554
