1.208065
1.203972
1.190316
1.199730
1.208555
1.201307
1.197323
1.205287
1.179641
1.213826
1.182360
1.171351
1.165990
1.173441
1.174450
1.213063
1.168054
1.162033
1.170021
1.164602
1.188682
1.190532
1.205912
1.196915
1.178515
1.185785
1.180560
1.190678
1.196741
1.177684
1.202365
1.174762
1.178621
1.173250
1.163524
1.165501
1.167540
1.177903
1.214405
1.171178
1.182910
1.173236
1.214289
1.212405
1.211434
1.184206
1.191363
1.189978
1.188603
1.186788
1.211355
1.209607
1.206844
1.200924
1.196340
1.172308
1.198653
1.193625
1.200461
1.203577
1.206236
1.205637
1.192080
1.199522
1.336496
1.382268
1.379740
1.361875
1.368557
1.347269
1.340184
1.339894
1.374885
1.372651
1.372222
1.370305
1.367626
1.357180
1.355791
1.351055
1.346091
1.384337
1.360895
1.359146
1.349855
1.344852
1.378885
1.378588
1.365150
1.353317
1.336885
1.343833
1.367648
1.382652
1.378004
1.361806
