1.402127
1.397126
1.410668
1.403835
1.393414
1.385300
1.406355
1.401331
1.399677
1.392108
1.383676
1.410355
1.391519
1.389716
1.386112
1.374766
1.408031
1.378988
1.371758
1.376217
1.381132
1.415086
1.400069
1.397368
1.414400
1.369189
1.421497
1.409502
1.384018
1.420465
1.419214
1.416813
1.413739
1.411595
1.410248
1.372237
1.359227
1.412954
1.398559
1.395045
1.420700
1.382351
1.420071
1.406504
1.374944
1.405244
1.355798
1.394389
1.390974
1.386880
1.376895
1.398233
1.385940
1.419986
1.382561
1.389739
1.408729
1.338981
1.374560
1.377481
1.391396
1.381686
1.404301
1.369965
1.416428
1.420297
1.351437
1.416993
1.415090
1.412585
1.409531
1.406123
1.403336
1.420005
1.409125
1.401563
1.387334
1.415659
1.375808
1.377620
1.379821
1.382175
1.401248
1.397760
1.394248
1.394853
1.392962
1.399587
1.392075
1.389531
1.386560
1.384261
1.384363
1.375169
1.407305
1.360157
1.420309
1.381599
1.348314
1.343875
1.335060
1.368146
1.351614
1.335260
1.326869
1.320445
1.314699
1.300988
1.351532
1.310262
1.334331
1.314942
1.322691
1.331689
1.329402
1.327479
1.319466
1.299494
1.307037
1.344117
1.306670
1.309039
1.340458
1.423854
1.370421
1.414256
1.402546
1.403271
