1.529504
1.527316
1.522733
1.520228
1.509284
1.507479
1.506141
1.534765
1.524324
1.520782
1.512024
1.504637
1.500135
1.494891
1.492583
1.539819
1.538700
1.532729
1.515591
1.504370
1.499208
1.497673
1.491890
1.520361
1.534436
1.492055
1.544339
1.516337
1.503641
1.521304
1.531236
1.537138
1.529920
1.540877
1.540775
1.537250
1.532010
1.533663
1.524805
1.530844
1.516484
1.527514
1.513253
1.514126
1.528778
1.512414
1.522697
1.496632
1.492424
1.510283
1.542803
1.535462
1.508783
1.497940
1.533570
1.530253
1.526432
1.527448
1.522011
1.525713
1.514721
1.523840
1.506584
1.494544
1.505600
1.496389
1.504154
1.502007
1.534312
1.523185
1.529391
1.522078
1.525242
1.518714
1.500718
1.509934
1.513193
1.542125
1.540547
1.540184
1.517231
1.500877
1.520831
1.507400
1.503090
1.504582
1.543087
1.521107
1.497174
1.504461
1.539342
1.545180
1.497175
1.509193
1.516301
1.527342
