1.671817
1.666019
1.669461
1.663613
1.655369
1.647511
1.643423
1.668685
1.672551
1.652035
1.647218
1.644831
1.641622
1.668214
1.665722
1.658627
1.636348
1.658038
1.640688
1.638602
1.672054
1.621728
1.670072
1.664316
1.660321
1.630619
1.663166
1.625364
1.632481
1.651965
1.628678
1.635266
1.623908
1.634337
1.626648
1.667391
1.613689
1.662501
1.602769
1.610007
1.652154
1.616990
1.648819
1.642575
1.664996
1.656697
1.637431
1.656607
1.651520
1.635329
1.627095
1.663998
1.659379
1.646615
1.645229
1.676236
1.665408
1.609856
1.630623
1.632558
1.607283
1.672815
1.670431
1.629256
1.642018
1.599941
1.670132
1.662588
1.646769
1.630099
1.628362
1.665750
1.661027
1.654646
1.659766
1.625247
1.648221
1.675324
1.635821
1.674237
1.669204
1.609161
1.663361
1.658710
1.655486
1.672871
1.654688
1.633132
1.651781
1.641237
1.636477
1.643227
1.669386
1.672228
1.654077
1.649198
1.639874
1.658767
1.604808
1.570789
1.623235
1.596078
1.573640
1.593836
1.579931
1.577859
1.577525
1.568678
1.570072
1.600930
1.598892
1.592644
1.660221
1.591318
1.582108
1.584003
1.622689
1.590681
1.567996
1.589796
1.587805
1.595677
1.644829
1.580755
1.648334
1.641199
1.637863
1.651896
