2.075142
2.088791
2.083362
2.084215
2.074250
2.063241
2.088162
2.080863
2.066788
2.061377
2.049032
2.087517
2.071569
2.065857
2.059923
2.088524
2.078070
2.044053
2.046763
2.059527
2.057699
2.069153
2.054988
2.044114
2.057130
2.037929
2.041447
2.084726
2.040978
2.090796
2.076175
2.082684
2.072124
2.060589
2.037691
2.050727
2.013472
2.060572
2.057138
2.030254
2.062949
2.085518
2.081600
2.066669
2.089533
2.010724
2.065754
2.057142
2.087830
2.083608
2.081375
2.078257
2.075362
2.055978
2.072285
2.047203
2.053043
2.046081
2.090542
2.051331
2.044822
2.055294
1.994177
2.079413
2.090242
2.085730
2.088769
2.084764
2.088401
2.068227
2.062194
2.090676
2.075666
2.064647
2.059425
2.081698
2.052904
2.056800
2.079308
2.045367
2.071387
2.066244
2.046970
2.058415
2.043914
2.051370
2.053242
2.085114
2.079696
2.009184
2.078491
2.074766
2.073727
2.068823
2.003597
2.050520
2.071639
2.078736
2.062537
1.998126
2.058321
1.992241
2.007369
2.027321
2.024540
2.016861
1.989736
1.976636
1.981333
2.038311
1.972568
1.972175
1.976617
1.981052
2.022087
1.995166
2.006429
2.001914
2.036424
1.984201
1.986521
1.968594
1.995410
1.967012
2.085939
2.035906
2.062214
2.055123
