1.048980
1.044601
1.040148
1.047657
1.044146
1.027500
1.024989
1.022954
1.053294
1.051908
1.036358
1.031240
1.048127
1.040685
1.030330
1.027161
1.022074
1.017333
1.003098
1.037084
1.005497
1.011309
1.012613
1.016112
1.015084
1.022152
1.045455
1.020005
1.039243
1.007560
1.010037
1.018080
1.006628
1.034408
1.010877
1.008995
1.051216
1.049954
1.047807
1.045816
1.043274
1.032161
1.015967
1.044272
1.041329
1.039657
1.031378
1.054073
1.053217
1.026534
1.043327
1.035528
1.022634
1.019165
1.025789
1.016027
1.030407
1.020558
1.029125
1.015096
1.039048
1.040792
1.051697
1.040027
