1.228405
1.223687
1.218078
1.199758
1.225015
1.221084
1.217743
1.216139
1.212991
1.223396
1.211679
1.209297
1.205879
1.203950
1.197394
1.176126
1.178690
1.231254
1.184178
1.186456
1.188504
1.192615
1.227635
1.200265
1.204257
1.181770
1.217157
1.182658
1.225173
1.230093
1.191233
1.210636
1.233312
1.197318
1.222011
1.222778
1.214748
1.231109
1.219796
1.218459
1.224859
1.216836
1.227846
1.207302
1.222623
1.205537
1.229448
1.198554
1.227121
1.203076
1.222499
1.201525
1.216356
1.197429
1.204666
1.194174
1.198689
1.192331
1.197193
1.190601
1.211125
1.207149
1.182542
1.184671
1.203187
1.204550
1.196507
1.232802
1.189856
1.188275
1.182614
1.190541
1.232331
1.194679
1.212017
1.191235
1.215821
1.214725
1.187392
1.210989
1.208682
1.193640
1.186393
1.223559
1.220700
1.203281
1.216170
1.197607
1.224370
1.211476
1.233043
1.199561
1.233958
1.219081
1.214828
1.224203
