1.136246
1.134816
1.132997
1.131743
1.125235
1.123733
1.122335
1.116670
1.106744
1.094503
1.112190
1.103035
1.121632
1.116595
1.100406
1.098936
1.138769
1.131425
1.129335
1.126906
1.089586
1.093648
1.121315
1.141084
1.107127
1.110228
1.102833
1.113031
1.132512
1.089566
1.092836
1.098441
1.129759
1.099495
1.091154
1.126691
1.101701
1.099085
1.095896
1.138877
1.138042
1.136199
1.131681
1.126776
1.125343
1.110186
1.108490
1.107114
1.136285
1.094372
1.123178
1.122036
1.119832
1.098783
1.130948
1.129866
1.124298
1.108221
1.116506
1.106026
1.084167
1.133137
1.115297
1.136457
1.113951
1.119224
1.103971
1.117529
1.112824
1.111457
1.099011
1.141016
1.139471
1.134163
1.128613
1.121739
1.107542
1.103696
1.101894
1.093671
1.138596
1.138777
1.135442
1.097105
1.125925
1.124180
1.111493
1.117167
1.096490
1.117477
1.100364
1.124086
1.026977
1.120797
1.013520
1.018876
1.122289
1.064745
1.063746
1.058669
1.081122
1.054384
1.033040
1.027573
1.019490
1.080932
1.079009
1.057944
1.045380
1.076221
1.073716
1.072757
1.039385
1.051666
1.049724
1.052155
1.041875
1.063500
1.089492
1.027010
1.027162
1.087062
1.046276
1.039066
1.141179
1.060174
1.143958
1.123443
