0.931624
0.923585
0.938295
0.935280
0.927875
0.941732
0.941123
0.931392
0.916415
0.911911
0.892199
0.935896
0.930406
0.893819
0.921175
0.919563
0.915075
0.910191
0.895429
0.911329
0.924010
0.905845
0.939403
0.907415
0.899814
0.902533
0.925504
0.892745
0.905750
0.910628
0.900096
0.935494
0.942073
0.939830
0.938416
0.934106
0.910786
0.921839
0.928243
0.927928
0.937732
0.927350
0.931620
0.924145
0.932212
0.919497
0.929732
0.914132
0.927331
0.897833
0.936993
0.942119
0.936842
0.937107
0.936035
0.933923
0.931238
0.932834
0.925162
0.895617
0.924140
0.897323
0.918660
0.899433
0.923490
0.922671
0.917148
0.902222
0.915355
0.919198
0.917419
0.903469
0.913599
0.912302
0.912288
0.910344
0.908781
0.908777
0.940898
0.935325
0.910268
0.896411
0.899069
0.892356
0.894314
0.928192
0.905353
0.941112
0.908438
0.902120
0.922454
0.932727
0.900846
0.908853
0.903818
0.910640
