0.798745
0.797920
0.796814
0.794406
0.792285
0.790616
0.780639
0.778588
0.774358
0.770249
0.754661
0.794555
0.784787
0.767921
0.764804
0.760750
0.773969
0.770410
0.763673
0.750204
0.752142
0.753987
0.789106
0.757806
0.779046
0.759701
0.791270
0.767303
0.788462
0.778884
0.762480
0.793424
0.782129
0.796716
0.795284
0.789747
0.784263
0.792500
0.788662
0.781305
0.777434
0.765482
0.765030
0.762451
0.753245
0.777837
0.776264
0.773801
0.772869
0.771521
0.768076
0.756299
0.801892
0.800708
0.799449
0.760757
0.757312
0.793036
0.788571
0.758238
0.781965
0.764434
0.788224
0.791140
