1.390073
1.396555
1.393840
1.398159
1.386979
1.368772
1.383960
1.382076
1.378320
1.364022
1.368488
1.361554
1.354465
1.372507
1.346259
1.380445
1.353108
1.373930
1.284630
1.378130
1.360633
1.359391
1.373683
1.293023
1.377071
1.357695
1.398202
1.396299
1.368350
1.392620
1.389169
1.350616
1.379502
1.366005
1.382787
1.388414
1.371664
1.353290
1.368945
1.388685
1.359467
1.358611
1.399453
1.396584
1.357569
1.394097
1.391659
1.357005
1.395874
1.388521
1.375521
1.372713
1.393703
1.386677
1.400471
1.388676
1.368645
1.378746
1.375312
1.382640
1.367949
1.365529
1.367137
1.286948
1.354382
1.362129
1.384608
1.358866
1.369822
1.385348
1.356621
1.352666
1.388433
1.383619
1.377745
1.376513
1.355986
1.361936
1.367850
1.399923
1.398151
1.392447
1.386730
1.380603
1.401809
1.398209
1.396775
1.395473
1.394079
1.390372
1.387845
1.367018
1.354285
1.289015
1.286695
1.349650
1.337273
1.334327
1.283227
1.282371
1.281851
1.306947
1.327961
1.322153
1.317603
1.311161
1.279944
1.311389
1.349424
1.346911
1.333774
1.309748
1.326288
1.317344
1.344549
1.341609
1.297335
1.316187
1.301260
1.330929
1.321204
1.357688
1.370272
1.306705
1.400459
1.364640
1.372149
1.386132
