0.968435
0.951337
0.970432
0.964707
0.960189
0.968223
0.948689
0.946488
0.945342
0.939823
0.967485
0.960513
0.958706
0.956921
0.943555
0.925402
0.920888
0.948749
0.922325
0.931724
0.934148
0.939514
0.953188
0.975320
0.935072
0.929428
0.966688
0.964408
0.936955
0.938800
0.972219
0.969322
0.958306
0.968118
0.949029
0.944959
0.972310
0.966591
0.962631
0.961389
0.953875
0.956284
0.964431
0.927001
0.948083
0.944456
0.941010
0.971407
0.933552
0.967720
0.937932
0.958764
0.961860
0.943428
0.940403
0.932496
0.960814
0.954598
0.930575
0.931038
0.949896
0.934106
0.953956
0.941459
