0.722313
0.720615
0.717621
0.711587
0.706595
0.710924
0.700399
0.693678
0.709799
0.705914
0.703479
0.725517
0.717527
0.714526
0.691344
0.686283
0.684470
0.699832
0.678225
0.689239
0.683083
0.679450
0.693175
0.695823
0.681158
0.673089
0.676857
0.674854
0.700172
0.722787
0.716791
0.722963
0.721731
0.717946
0.718095
0.716524
0.713747
0.715672
0.712760
0.711459
0.703427
0.697691
0.696393
0.691408
0.678685
0.722134
0.708753
0.707389
0.705870
0.704271
0.681921
0.683205
0.685201
0.690439
0.685517
0.693704
0.702638
0.700639
0.726316
0.680578
0.712534
0.708067
0.695603
0.692988
