1.218389
1.216967
1.223166
1.210638
1.215733
1.213348
1.209757
1.208105
1.204689
1.203129
1.201998
1.193767
1.185989
1.174465
1.167677
1.223168
1.196035
1.190893
1.184873
1.171037
1.188719
1.176513
1.193075
1.200940
1.183504
1.174503
1.199207
1.208489
1.182333
1.180330
1.223914
1.211659
1.206747
1.205121
1.222455
1.219073
1.216566
1.191918
1.190694
1.187433
1.184793
1.180985
1.177187
1.220074
1.172976
1.222884
1.224257
1.215431
1.220570
1.210796
1.210384
1.217080
1.200842
1.221831
1.214231
1.208208
1.176174
1.219322
1.205792
1.218919
1.179927
1.212799
1.196138
1.191923
1.194583
1.187739
1.189425
1.224467
1.216640
1.210662
1.204691
1.211497
1.190667
1.201721
1.196458
1.194975
1.179197
1.177739
1.185155
1.206236
1.205556
1.183658
1.185860
1.176231
1.208338
1.200673
1.223883
1.180393
1.219730
1.199966
1.187335
1.216400
1.220991
1.204084
1.204772
1.203329
