1.108967
1.103163
1.085903
1.112267
1.098286
1.064190
1.060842
1.111589
1.106057
1.105712
1.100819
1.090160
1.085509
1.082727
1.079705
1.067629
1.066796
1.096081
1.094787
1.092085
1.078152
1.089777
1.072256
1.109618
1.103519
1.099059
1.074257
1.075273
1.076946
1.082261
1.085571
1.094255
1.112233
1.111239
1.109237
1.109097
1.102235
1.087441
1.075292
1.071847
1.108538
1.107177
1.104240
1.068756
1.077537
1.090691
1.094781
1.090328
1.078991
1.084777
1.101359
1.093258
1.082690
1.084298
1.098471
1.100349
1.081982
1.107995
1.067485
1.102310
1.088863
1.073764
1.069604
1.079248
